c:\Users\blais\Downloads\caulieval\tih-crop-research\ml\Scripts\python.exe : 
C:\Users\blais\Downloads\caulieval\tih-crop-research\ml\Lib\site-packages\timm\models\layers\__init__.py:49: 
FutureWarning: Importing from timm.models.layers is deprecated, please import via timm.layers
At line:1 char:1
+ c:\Users\blais\Downloads\caulieval\tih-crop-research\ml\Scripts\pytho ...
+ ~~~~~~~~~~~~~~~~~~~~~~~~~~~~~~~~~~~~~~~~~~~~~~~~~~~~~~~~~~~~~~~~~~~~~
    + CategoryInfo          : NotSpecified: (C:\Users\blais\...via timm.layers:String) [], RemoteException
    + FullyQualifiedErrorId : NativeCommandError
 
  warnings.warn(f"Importing from {__name__} is deprecated, please import via timm.layers", FutureWarning)
C:\Users\blais\Downloads\caulieval\tih-crop-research\ml\Lib\site-packages\timm\models\registry.py:4: FutureWarning: 
Importing from timm.models.registry is deprecated, please import via timm.models
  warnings.warn(f"Importing from {__name__} is deprecated, please import via timm.models", FutureWarning)
C:\Users\blais\Downloads\caulieval\tih-crop-research\classification\models\ops_dcnv3\functions\dcnv3_func.py:18: 
UserWarning: pkg_resources is deprecated as an API. See https://setuptools.pypa.io/en/latest/pkg_resources.html. The 
pkg_resources package is slated for removal as early as 2025-11-30. Refrain from using this package or pin to 
Setuptools<81.
  import pkg_resources
Loading checkpoint: output\tiny\finetune\latest_ckpt.pth

======================================================================
CHECKPOINT CONTENTS
======================================================================
Keys: ['model', 'optimizer', 'lr_scheduler', 'max_accuracy', 'scaler', 'epoch', 'config', 'steps', 'model_ema', 'max_accuray_ema']
Epoch: 37
max_accuracy: 94.07407446967231
max_accuracy_ema: N/A
max_accuray_ema (typo key): 0.0

Has 'model': True
Has 'model_ema': True

======================================================================
KEY COMPARISON
======================================================================
Student key count: 875
EMA key count: 875
All keys match between student and EMA.

======================================================================
HEAD / CLASSIFIER COMPARISON
======================================================================
Head-related keys: ['head.fc.weight', 'head.fc.bias']

  head.fc.weight:
    Student shape: torch.Size([1000, 512]), dtype: torch.float32
    EMA shape:     torch.Size([1000, 512]), dtype: torch.float32
    Max diff: 0.01106184
    Mean diff: 0.00182636
    Are identical: False
    Student first 5: [-0.07573574036359787, 0.04873143881559372, -0.052199795842170715, -0.0857790932059288, 0.038183700293302536]
    EMA first 5:     [-0.07589875161647797, 0.046738892793655396, -0.051550187170505524, -0.08518452942371368, 0.036071762442588806]
    Student mean: -0.00014715, std: 0.04970046
    EMA mean:     -0.00015219, std: 0.05042100

  head.fc.bias:
    Student shape: torch.Size([1000]), dtype: torch.float32
    EMA shape:     torch.Size([1000]), dtype: torch.float32
    Max diff: 0.00547419
    Mean diff: 0.00151668
    Are identical: False
    Student first 5: [-0.14403265714645386, -0.12360621988773346, -0.14986643195152283, -0.16111381351947784, -0.08194555342197418]
    EMA first 5:     [-0.14448171854019165, -0.12433930486440659, -0.15029551088809967, -0.16149182617664337, -0.08211540430784225]
    Student mean: -0.02311650, std: 0.14707020
    EMA mean:     -0.02218962, std: 0.14706647

======================================================================
PARAMETER NORM COMPARISON (first 10 + last 5)
======================================================================
  head.fc.bias: norm_s=4.7056 norm_e=4.7010 max_diff=0.00547419 identical=False
  head.fc.weight: norm_s=35.5628 norm_e=36.0783 max_diff=0.01106184 identical=False
  norm1.norm.bias: norm_s=5.4444 norm_e=5.4405 max_diff=0.00253677 identical=False
  norm1.norm.weight: norm_s=9.5803 norm_e=9.5792 max_diff=0.00257063 identical=False
  norm2.norm.bias: norm_s=4.8619 norm_e=4.8586 max_diff=0.00355285 identical=False
  norm2.norm.weight: norm_s=13.6751 norm_e=13.6726 max_diff=0.00253487 identical=False
  norm3.norm.bias: norm_s=4.5888 norm_e=4.5845 max_diff=0.00260451 identical=False
  norm3.norm.weight: norm_s=20.6511 norm_e=20.6498 max_diff=0.00270772 identical=False
  norm4.norm.bias: norm_s=4.0256 norm_e=4.0249 max_diff=0.00287873 identical=False
  norm4.norm.weight: norm_s=52.6834 norm_e=52.5319 max_diff=0.01005292 identical=False
  stem.7.running_mean: norm_s=8.8813 norm_e=8.7744 max_diff=0.17265402 identical=False
  stem.7.running_var: norm_s=42.0209 norm_e=39.6397 max_diff=2.02796507 identical=False
  stem.7.weight: norm_s=20.1892 norm_e=20.1755 max_diff=0.00303459 identical=False
  stem.9.bias: norm_s=3.0812 norm_e=3.0811 max_diff=0.00255801 identical=False
  stem.9.weight: norm_s=10.9049 norm_e=11.0037 max_diff=0.00447828 identical=False

Summary: 48 identical, 827 different out of 875 total
Overall max diff: 10058.00000000

======================================================================
FORWARD PASS COMPARISON
======================================================================
Inferred num_classes=1000 from head.fc.weight shape=torch.Size([1000, 512])
[3, 4, 12, 5] [80, 160, 320, 512] [False, False, False, False]
[[0.0, 0.0, 0.0], [0.0, 0.0, 0.0, 0.0], [0.0, 0.0, 0.0, 0.0, 0.0, 0.0, 0.0, 0.0, 0.0, 0.0, 0.0, 0.0], [0.0, 0.0, 0.0, 0.0, 0.0]]
Student load: <All keys matched successfully>
EMA load: <All keys matched successfully>

Student output shape: torch.Size([2, 1000])
EMA output shape: torch.Size([2, 1000])
Student logits [0]: [2.690058708190918, 3.9085755348205566, 4.47539758682251, 5.142180919647217, 4.162448883056641, 0.4685881435871124, 0.4954015016555786, 0.3161770701408386, 0.15724748373031616, 0.34817999601364136, 0.20286300778388977, -0.0778428465127945, -0.0031733959913253784, 0.07352212071418762, 0.07534445822238922, 0.1385708749294281, 0.1931128054857254, 0.04176320135593414, -0.3719346821308136, 0.04171384871006012, 0.27060335874557495, 0.36683422327041626, 0.4419165551662445, 0.17217662930488586, -0.2410096824169159, 0.2749698758125305, 0.6821399331092834, 0.750697135925293, 0.531786322593689, 0.7222656607627869, 0.5114670991897583, 0.7301245927810669, 0.7116069197654724, 0.9560215473175049, 0.5756862759590149, 0.49673181772232056, 0.3393405079841614, 0.3132864236831665, 0.2693028450012207, 0.4660190939903259, 0.36833852529525757, 0.18866263329982758, 0.4685400724411011, 0.15293949842453003, 0.5222731828689575, 0.07565099000930786, 0.4489620327949524, 0.138234943151474, 0.5497410297393799, 0.37889838218688965, 0.3817262053489685, -0.13624246418476105, 0.8489841818809509, 0.6864470839500427, 0.5461175441741943, 0.6547529101371765, 0.5594482421875, 0.680014967918396, 0.7060965299606323, 0.38707253336906433, 0.39302629232406616, 0.15111584961414337, -0.034424278885126114, 0.05560454726219177, 0.1501534879207611, 0.5757312178611755, -0.3647032678127289, 0.15363609790802002, 0.037935033440589905, 0.21956205368041992, 1.0649272203445435, 0.11274085938930511, 0.23716816306114197, 0.21508024632930756, 0.2650677561759949, 0.40241315960884094, 0.2308056354522705, 0.7514222264289856, 0.7491148114204407, 0.39961981773376465, 0.360304057598114, 0.3235304355621338, -0.15232811868190765, 0.2121645212173462, 0.277302622795105, -0.26039281487464905, 0.018748827278614044, 0.49161794781684875, 0.18389402329921722, 0.2212943434715271, 0.5915501117706299, 0.1137213259935379, 0.3361395299434662, 0.041907116770744324, -0.041331157088279724, 0.038970381021499634, 0.08761925995349884, 0.03668735921382904, 0.29564160108566284, 0.5323038697242737, 0.21171073615550995, 0.049417540431022644, 0.3966878652572632, 0.41437089443206787, 0.46870535612106323, -0.2919140160083771, 0.18690064549446106, 0.9805970191955566, -0.15389707684516907, 0.4314768314361572, 0.33065807819366455, 1.1359455585479736, 0.6446244716644287, 0.5910994410514832, 0.4818039536476135, -0.47760239243507385, 0.19731752574443817, 0.16208472847938538, 0.32540392875671387, -0.07426884025335312, 0.2434171736240387, 0.21742519736289978, -0.215435191988945, -0.34876543283462524, -0.28833234310150146, 0.3074305057525635, 0.7029106020927429, 0.31005311012268066, 0.1779385358095169, 0.3406634032726288, -0.014482170343399048, 0.46567025780677795, 0.14871233701705933, 0.26326191425323486, 0.1630861461162567, -0.08020998537540436, 0.32551416754722595, 0.4674917459487915, 0.01995314657688141, 0.08422638475894928, -0.08392506837844849, 0.30545854568481445, 0.3456839323043823, 0.2909519672393799, 0.13004206120967865, 0.1609281599521637, -0.15789785981178284, 0.4855441451072693, 0.0897979587316513, 0.8542510867118835, 0.48098060488700867, -0.1398904025554657, -0.761591911315918, -0.4036688208580017, -0.22920042276382446, -0.046088531613349915, 0.37283986806869507, -0.17148983478546143, -0.5291852951049805, -0.1548749804496765, -0.14563408493995667, -0.5556703805923462, 0.002864452078938484, -0.42780646681785583, 0.07772347331047058, -0.608955979347229, -0.4028793275356293, -0.8759967088699341, 0.0022455304861068726, -0.007943633943796158, 0.1256607174873352, -9.876489639282227e-05, -0.21047648787498474, -0.13536696135997772, -0.18122318387031555, 0.048819467425346375, -0.0697728842496872, 0.08676479756832123, -0.23025014996528625, -0.45459166169166565, -0.3967493772506714, -0.4797064960002899, -0.5284330248832703, -0.2561997175216675, -0.19672991335391998, -0.02895895391702652, -0.2568697929382324, -0.12290491163730621, -0.7890982627868652, -0.47180289030075073, -0.43594029545783997, -0.14334037899971008, -0.1804126650094986, -0.15741997957229614, -0.34568122029304504, -0.5615654587745667, 0.05250215530395508, 0.02247731387615204, 0.03775278106331825, -0.15589596331119537, -0.48339542746543884, 0.09271568059921265, -0.16475394368171692, -0.16162961721420288, -0.10106036067008972, 0.03772765398025513, -0.528424084186554, -0.11963086575269699, -0.29049360752105713, 0.1702290177345276, -0.22124075889587402, -0.0855829119682312, 0.08793659508228302, 0.1980302333831787, 0.14954505860805511, 0.19598746299743652, -0.1016959697008133, -0.2863932251930237, -0.01876164972782135, 0.2890760898590088, -0.28883588314056396, -0.08920459449291229, -0.3787797689437866, 0.2716206908226013, -0.1783042550086975, -0.183322936296463, 0.4503007233142853, -0.15367187559604645, -0.47772419452667236, -0.3224855959415436, 0.15079393982887268, -0.19025292992591858, -0.29251059889793396, 0.06017596274614334, -0.38448235392570496, 0.14369159936904907, -0.4884257912635803, -0.003825575113296509, -0.21016836166381836, -0.07858537137508392, -0.30908238887786865, -0.4955520033836365, -0.33387982845306396, -0.6227025985717773, -0.03823201358318329, -0.3175830841064453, -0.7403331398963928, -0.2957896292209625, -0.039878521114587784, -0.08006679266691208, -0.2766195237636566, -0.46445581316947937, -0.2567143440246582, -0.6042506694793701, -0.18889527022838593, -0.3011452555656433, -0.14440889656543732, -0.03622344508767128, -0.19574889540672302, -0.3536374568939209, -0.35951724648475647, -0.45142826437950134, -0.4529656171798706, -0.011010993272066116, -0.014674127101898193, -0.06713612377643585, -0.3465450704097748, -0.19376949965953827, -0.67360520362854, 0.24663886427879333, -0.005439434200525284, -0.2528015971183777, 0.17986233532428741, -0.025480836629867554, 0.07129436731338501, 0.10405843704938889, -0.1617826521396637, 0.05788218975067139, -0.22913402318954468, 0.6129834651947021, 0.3165544271469116, 0.21988007426261902, 0.265805184841156, 0.09151254594326019, 0.08009092509746552, 0.07779224216938019, 0.05016095191240311, -0.13928234577178955, -0.3792491853237152, -0.2621522545814514, -0.291215717792511, -0.4392961263656616, 0.2147022783756256, -0.16449880599975586, 0.472030907869339, 0.2775774598121643, 0.25707557797431946, 0.059627726674079895, 0.24597452580928802, 0.20575636625289917, 0.4134053587913513, 0.8913149237632751, 0.4013456106185913, 0.4825955331325531, 1.2212026119232178, 0.8146507143974304, 0.2488146722316742, 0.3779180645942688, 0.2120758444070816, 0.3352165222167969, 0.5374587178230286, 0.4386325478553772, 0.45660650730133057, 0.5478343367576599, 0.4156075119972229, 0.5945672988891602, 0.8658678531646729, 0.9183663725852966, 0.8053011298179626, 0.24860374629497528, 0.49787893891334534, 0.3407374620437622, 0.6621028184890747, 0.359026700258255, 0.620948851108551, 0.298392117023468, 0.4402429461479187, 0.029468141496181488, -0.05595000088214874, 0.12429673224687576, 0.4610183537006378, 0.027392547577619553, 0.20478108525276184, 0.022850818932056427, 0.43122363090515137, -0.23554424941539764, 0.21000896394252777, 0.4177109897136688, -0.19315141439437866, -0.26670488715171814, 0.1503925621509552, -0.014671757817268372, 0.2484198957681656, 0.14119082689285278, 0.07665722817182541, -0.4934622645378113, 0.10584400594234467, 0.23651212453842163, 0.015560733154416084, 0.017905622720718384, -0.00783209502696991, 0.11864452064037323, -0.055613160133361816, -0.20346760749816895, 0.21108299493789673, 0.04643314704298973, 0.4240938425064087, 0.373429536819458, 0.3331521451473236, 0.40917181968688965, 0.39252036809921265, 0.04676005616784096, 0.25832241773605347, 0.20010104775428772, -0.09064261615276337, -0.12418194115161896, 0.09923592209815979, 0.32785046100616455, -0.1300489902496338, -0.0233711376786232, -0.2768840193748474, -0.4937407076358795, -0.06468425691127777, -0.16400152444839478, -0.013100549578666687, -0.3773843050003052, -0.31589967012405396, -0.01628636196255684, 0.1451248973608017, -0.29604417085647583, -0.41582709550857544, -0.22562576830387115, -0.3437695801258087, 0.14663782715797424, -0.5212772488594055, -0.38509413599967957, -0.13076402246952057, -0.420901894569397, -0.1829374134540558, 0.7027979493141174, 0.29290613532066345, 0.7898967862129211, -0.1806609332561493, -0.04120427370071411, 0.7130875587463379, 0.5614591836929321, -0.17395152151584625, 0.595083475112915, -0.7183329463005066, -0.2866438627243042, -0.40907615423202515, -0.07995696365833282, -0.2888285517692566, -0.15705755352973938, 0.35833802819252014, 0.06457719951868057, 0.1612183004617691, -0.5305468440055847, -0.02866380661725998, -0.41651761531829834, 0.0906880721449852, -0.2913007140159607, -0.17013001441955566, -0.26262152194976807, -0.2543783187866211, -0.507429301738739, -0.04759635403752327, -0.3033929467201233, -0.07315962761640549, -0.33254116773605347, -0.09012190997600555, -0.36528268456459045, -0.2954068183898926, -0.24053062498569489, -0.08813314139842987, 0.4253131151199341, -0.05713213235139847, 0.29002493619918823, 0.2109708935022354, -0.060177721083164215, -0.5445629358291626, 0.014666376635432243, -0.5042293071746826, -0.35329630970954895, -0.43753165006637573, -0.18700362741947174, -0.24263277649879456, -0.14918582141399384, -0.25144603848457336, -0.4586602449417114, -0.28405100107192993, -0.0645226463675499, -0.150401771068573, -0.29006069898605347, 0.235971137881279, 0.056834351271390915, -0.29295414686203003, -0.6116929054260254, 0.20436957478523254, 0.08134976029396057, -0.23539644479751587, -0.23244039714336395, -0.3370121419429779, -0.3226076364517212, 0.5342786312103271, -0.21261996030807495, -0.38625094294548035, -0.6442087292671204, 0.472027987241745, -0.26622387766838074, 0.22439415752887726, -0.333301842212677, 0.262775182723999, -0.20961540937423706, -0.2508268654346466, -0.6447129845619202, -0.017011582851409912, -0.40934646129608154, -0.2874663472175598, -0.1249379813671112, -0.23324650526046753, -0.18330928683280945, 0.15040582418441772, -0.3533558249473572, 0.44778114557266235, -0.49584975838661194, -0.34872081875801086, -0.012138208374381065, -0.42975103855133057, -0.49635669589042664, -0.8220741152763367, -0.14720997214317322, 0.0653015598654747, 0.05781365931034088, 0.36836618185043335, -0.4795326590538025, -0.5282913446426392, -0.4122966229915619, -0.14498504996299744, 0.5282984375953674, 0.21490046381950378, -0.15824772417545319, -0.10918975621461868, -0.18290482461452484, 0.022657260298728943, 0.39092087745666504, -0.5355923175811768, -0.137370765209198, -0.11822903901338577, -0.07211288809776306, 0.5876478552818298, -0.5647459030151367, 0.14300256967544556, -0.3153095543384552, -0.14683541655540466, -0.6153825521469116, -0.17754101753234863, -0.17194730043411255, -0.3984597325325012, -0.33044806122779846, 0.24818406999111176, -0.05726228654384613, -0.32346317172050476, -0.5401659607887268, -0.3741520047187805, -0.10483825206756592, -0.42140769958496094, -0.3397602438926697, -0.1851528435945511, -0.5431678295135498, -0.5076001882553101, -0.19907277822494507, -0.2894029915332794, 0.046470820903778076, -0.3806568384170532, 0.2471950352191925, -0.15399137139320374, -0.2769888639450073, -0.45891645550727844, -0.8379549980163574, -0.3879355192184448, -0.30675482749938965, -0.2404637336730957, 0.3232347071170807, -0.5942723751068115, -0.47816988825798035, 0.31628769636154175, 0.30007556080818176, -0.06135435402393341, 0.2197410762310028, 0.2334194928407669, -0.3673670291900635, -0.5107637643814087, -0.2937137484550476, -0.006703592836856842, -0.23542624711990356, -0.42376071214675903, 0.0786469578742981, -0.1665935516357422, -0.10156707465648651, -0.27780580520629883, -0.1719447821378708, -0.2510034739971161, -0.23205916583538055, 0.059279829263687134, -0.13310448825359344, -0.06501657515764236, -0.12498930096626282, -0.3427106440067291, -0.3029858469963074, -0.6255033016204834, -0.2096521407365799, -0.36624717712402344, 0.1292315274477005, -0.5316312313079834, -0.2906155586242676, -0.2829029858112335, -0.36509600281715393, -0.21684662997722626, -0.10563182830810547, -0.42724308371543884, -0.02377968281507492, 0.04525938630104065, 0.06852830946445465, -0.08039185404777527, -0.16454310715198517, 0.12668709456920624, -0.32165056467056274, -0.5642271041870117, -0.13339030742645264, -0.0448560006916523, -0.05326273292303085, -0.13417190313339233, 0.2264067381620407, -0.14840789139270782, -0.5110262632369995, -0.04750405251979828, -0.09389084577560425, -0.18480870127677917, -0.6219862699508667, -0.774277925491333, -0.2499774694442749, -0.3063896596431732, -0.5243611931800842, -0.16350014507770538, -0.021220043301582336, -0.2710818648338318, -0.4848344922065735, -0.5340486764907837, 0.31111305952072144, -0.18604177236557007, -0.44066256284713745, -0.5113340020179749, 0.2510395348072052, -0.24214118719100952, -0.3124905526638031, -0.37757307291030884, -0.34814342856407166, 0.05593317747116089, 0.058435261249542236, -1.0047430992126465, -0.1308733969926834, -0.0918467566370964, -0.7871845364570618, -0.923268735408783, -0.4858400225639343, 0.16062602400779724, -0.8778507113456726, -0.15612587332725525, -0.2788741886615753, -0.49221378564834595, -0.06159994751214981, -0.20078454911708832, -0.10066444426774979, -0.11700111627578735, 0.1940755993127823, -0.32469722628593445, -0.03512648493051529, 0.29796552658081055, -0.31500038504600525, -0.2605077624320984, -0.39110666513442993, -0.08761973679065704, -0.4258819818496704, -0.3749294579029083, -0.4863775372505188, -0.3072899580001831, 0.16183052957057953, -0.44449248909950256, -0.6345605850219727, 0.480386346578598, -0.30956804752349854, -0.19172297418117523, -0.06590348482131958, -0.44782909750938416, -0.611382782459259, 0.05811242759227753, -0.38787877559661865, -0.4293056130409241, 0.7155959010124207, -0.4985888600349426, -0.317033976316452, -0.7122400999069214, -0.20909205079078674, -0.3564695417881012, -0.3330042362213135, -0.4338294565677643, -0.07356426864862442, -0.22611187398433685, 0.1607656031847, -0.002365458756685257, 0.24335163831710815, -0.3497794270515442, 0.11783382296562195, -0.6609693765640259, 0.2677401304244995, 0.11282747983932495, -0.38100430369377136, 0.0212843120098114, -0.208218514919281, -0.08183348923921585, 0.010833125561475754, 0.09685887396335602, -0.03651729226112366, 0.38626015186309814, -0.5023791193962097, -0.3579196035861969, -0.1716424971818924, -0.5346978306770325, 0.2927587330341339, -0.23032045364379883, -0.4163109362125397, 0.10136715322732925, -0.8846477270126343, -0.22106438875198364, -0.49532729387283325, -0.33032646775245667, 0.097842276096344, 0.023880109190940857, -0.6034411191940308, -0.5909403562545776, -0.6245449781417847, -0.7375838160514832, 0.3435237407684326, -0.1756953001022339, -0.2572583556175232, -0.17732644081115723, -0.7071009278297424, 0.07574181258678436, -0.40419790148735046, -0.07417798042297363, -0.21896912157535553, -0.17601564526557922, 0.08970865607261658, -0.2805550694465637, -0.2757234275341034, -0.5182480812072754, -0.051086194813251495, -0.04373355209827423, -0.4734990894794464, -0.041527748107910156, 0.008374020457267761, -0.26458030939102173, -0.631841242313385, -0.6599759459495544, -0.11108984053134918, 0.07766974717378616, -0.1714392602443695, 0.046356476843357086, -0.22958137094974518, -0.3229649066925049, -0.36533668637275696, -0.7328406572341919, -0.5450764894485474, -0.14387273788452148, -0.14223149418830872, 0.016643602401018143, -0.024700477719306946, -0.3498889207839966, -0.06077689677476883, 0.1664499044418335, -0.5441653728485107, -0.4239426255226135, 0.22464093565940857, 0.05321073532104492, -0.002848854288458824, -0.03939501568675041, -0.46577078104019165, 0.9613882899284363, -0.599678099155426, -1.1495307683944702, -0.2039589285850525, -0.5220200419425964, 0.4567345678806305, -0.22501392662525177, -0.687777042388916, -0.33072352409362793, -0.2816716432571411, -0.29930588603019714, -0.3028964400291443, -0.3788461685180664, -0.282875657081604, -0.267303466796875, -0.08128749579191208, -0.1400309056043625, 0.291403204202652, 0.011256061494350433, -0.1709670126438141, -0.02133338153362274, -0.31568047404289246, -0.32885560393333435, -0.2926994562149048, -0.4914107620716095, -0.048053666949272156, -0.011204421520233154, -0.41153162717819214, -0.19640550017356873, -0.12071119248867035, -0.8039476275444031, -0.27817943692207336, -0.1394646167755127, -0.517422616481781, -0.12876757979393005, -0.1204875037074089, 0.3193952739238739, -0.3182187080383301, -0.13634586334228516, 0.08942095190286636, -0.5615509748458862, -0.3096967339515686, -0.1117933988571167, -0.34637919068336487, -0.6519647240638733, -0.11707396060228348, -0.21048039197921753, -0.7043408751487732, -0.3325626254081726, -0.4477882385253906, -0.2645156681537628, -0.574091911315918, -0.009447552263736725, 0.5011342763900757, 0.5314799547195435, -0.2650851309299469, -0.2401047945022583, 0.0866125226020813, 0.17854592204093933, -0.6034225225448608, -0.32161909341812134, -0.5203012228012085, -0.817439079284668, 0.22716982662677765, 0.2789583206176758, 0.35326501727104187, -0.25802987813949585, -0.04884502291679382, -0.27258044481277466, -0.6876680254936218, -0.4742822051048279, 0.0660267323255539, -0.4536910951137543, -0.0901678279042244, 0.1342492550611496, -0.5646035671234131, 0.07243287563323975, 0.24113497138023376, -0.16103363037109375, -0.5743343234062195, -0.7869583368301392, -0.4723329246044159, 0.07353672385215759, -0.22412440180778503, -0.3793002665042877, -0.3522605001926422, 0.1036486104130745, 0.24400955438613892, -0.622705340385437, -0.6677604913711548, -0.04335795342922211, 0.06249991059303284, -0.47562670707702637, -0.4307912290096283, -0.1098756417632103, 0.6997312903404236, -0.8520286679267883, -0.19936467707157135, -0.8453150987625122, -0.33344191312789917, -0.2185235172510147, 0.023040637373924255, -0.1277007758617401, -1.0176482200622559, -0.47595053911209106, -0.3338077664375305, 0.12230350077152252, -0.435667484998703, -0.3137432932853699, -0.07315637171268463, -0.1391867697238922, -0.03566966578364372, -0.571190595626831, -0.40288037061691284, -0.3859512507915497, 0.2603842318058014, -0.1309298425912857, 0.11432966589927673, -0.27405914664268494, -0.23018500208854675, -0.24069640040397644, -0.053823813796043396, 0.5484387278556824, -0.428030788898468, -0.5676320791244507, 0.0028538480401039124, 0.28081196546554565, -0.19744160771369934, -0.1267848014831543, 0.09866674244403839, -0.47146275639533997, -0.7145155668258667, -0.01138605922460556, 0.31842517852783203, -0.4114251732826233, 0.046754464507102966, -0.03386405110359192, -0.5717962980270386, -0.22771450877189636, 0.24051351845264435, -0.17240403592586517, -0.06536602973937988, -0.24344788491725922, -0.0735834389925003, -0.3535546064376831, 0.19585725665092468, -0.20486566424369812, -0.17791210114955902, -0.2664759159088135, -0.1895800679922104, 0.20905594527721405, -0.19210708141326904, -0.24323056638240814, -0.5699878931045532, -0.1290324330329895, -0.07453952729701996, -0.32798051834106445, -0.35543110966682434, -0.3296672999858856, -0.6336528062820435, -0.02011263370513916, -0.30660733580589294, 0.04339553415775299, -0.20962797105312347, -0.5790989995002747, -0.09877744317054749, 0.18613512814044952, -0.389399915933609, -0.5272070169448853, -0.14786812663078308, 0.12944075465202332, -0.39558225870132446, -0.311796635389328, -0.30942848324775696, -0.21877726912498474, 0.5220934748649597, 0.12251347303390503, 0.07267780601978302, -0.3431388735771179, -0.40167829394340515, -0.11459806561470032, -0.023724757134914398, -0.45470187067985535, -0.44398045539855957, -0.8619012832641602, -0.08593256026506424, 0.18101949989795685, -0.2446870356798172, -0.2131633162498474, 0.23399372398853302, 0.2154758870601654, -0.5678578615188599, -0.35070744156837463, -0.15682750940322876, -0.12449158728122711, -0.2843417227268219, -0.22809450328350067, 0.7714089155197144, 3.0511178970336914, 2.2543859481811523, 3.0863256454467773, 1.2543582916259766, 0.7681065797805786, 1.5582224130630493, 1.0082385540008545, 0.7525621056556702, 1.1810221672058105, 0.6244720816612244, 0.5497341156005859, 0.21328794956207275, -0.12196595966815948, 0.19457599520683289, 0.04471171647310257, 0.011115282773971558, 1.5437270402908325, 0.19004088640213013, -0.06213448941707611, 0.07491344213485718, 0.5737398862838745, 0.370376855134964, 0.25626063346862793, 0.17370375990867615, -0.11257681995630264, -0.3007850646972656, 0.07643227279186249, -0.19084487855434418, -0.0895223468542099, 0.03539637476205826, -0.09152812510728836, 0.06481331586837769, 0.011356063187122345, -0.18087127804756165, 0.0740802064538002, -0.48631519079208374, 0.3239997327327728, 0.2979045808315277, 0.1635442078113556, -0.35875028371810913, 0.028710685670375824, 0.2900182008743286, 0.07345880568027496, 0.32634419202804565, 0.8964221477508545, -0.15267926454544067, -0.9072292447090149, 0.3861514925956726, 0.007118061184883118, 0.17425617575645447, 0.3061768114566803, -0.19128233194351196, 0.968198299407959, 0.09879796206951141, 1.1300041675567627, 0.500892698764801, 0.08712375164031982, 0.14745506644248962, 0.2976934313774109, 0.002375587821006775, 0.3138599693775177, 0.09450312703847885, 0.273640513420105, -0.282949835062027]
EMA logits [0]:     [-0.08068697154521942, 0.18606242537498474, 0.3855063319206238, 0.42595016956329346, 0.3267989754676819, 0.14702415466308594, 0.029899727553129196, 0.14349129796028137, 0.0839228630065918, 0.05762287974357605, 0.08329243957996368, -0.15646806359291077, -0.05828133225440979, 0.08690974116325378, -0.11208510398864746, -0.08758291602134705, -0.07430240511894226, -0.05118013918399811, -0.048221662640571594, -0.1979495882987976, 0.06810468435287476, 0.08285127580165863, -0.04211018234491348, -0.0029283296316862106, -0.13940121233463287, -0.14961554110050201, 0.05797545984387398, 0.041823700070381165, -0.0267002135515213, 0.220440074801445, -0.17239998281002045, -0.21359285712242126, -0.16273337602615356, 0.15220177173614502, 0.17812421917915344, -0.062211208045482635, -0.014554716646671295, -0.15682460367679596, 0.08576004207134247, 0.1169259250164032, -0.17532780766487122, -0.08385728299617767, -0.07878528535366058, -0.14988726377487183, -0.21596726775169373, -0.1251651495695114, -0.014205805957317352, -0.12977644801139832, -0.07421140372753143, 0.09975098073482513, 0.13383802771568298, -0.01629694551229477, 0.03952183201909065, -0.15954864025115967, -0.1138870045542717, -0.05976767838001251, -0.03496028482913971, -0.1280304342508316, 0.05454463139176369, -0.06823378056287766, 0.1812763214111328, -0.06763844937086105, -0.1946459412574768, 0.0668642520904541, -0.042000025510787964, 0.12449128925800323, -0.07937398552894592, -0.018115907907485962, -0.03847753256559372, 0.05586259067058563, -0.03665538877248764, -0.09620345383882523, -0.1685134321451187, 0.10247374325990677, -0.0792025625705719, 0.020922169089317322, -0.08521263301372528, 0.016011150553822517, 0.2698197066783905, 0.05055585503578186, 0.005901642143726349, 0.018612317740917206, -0.00346953421831131, 0.04636719822883606, -0.08387879282236099, -0.00548979640007019, 0.07314608246088028, 0.08993712067604065, -0.09459088742733002, 0.01917264610528946, 0.048326969146728516, 0.05374489724636078, -0.06328019499778748, -0.08628285676240921, 0.04298628866672516, -0.1633164882659912, -0.0367831289768219, -0.0696018636226654, 0.10802823305130005, 0.08628172427415848, 0.08576461672782898, -0.1208520233631134, 0.04505129158496857, 0.1521652787923813, 0.18174868822097778, -0.1894254982471466, 0.005265288054943085, 0.21905267238616943, -0.12853635847568512, -0.001448512077331543, 0.01866745948791504, 0.6163601279258728, 0.07238442450761795, -0.009098710492253304, 0.023976575583219528, -0.19399598240852356, -0.06951630115509033, 0.1665886491537094, -0.002358181867748499, -0.13174955546855927, -0.15344491600990295, -0.1429293155670166, -0.01777283102273941, -0.1714487373828888, -0.03368167579174042, 0.07034841924905777, 0.1011948212981224, 0.07940110564231873, 0.06653377413749695, -0.01744191348552704, -0.035698264837265015, -0.019365906715393066, -0.11071960628032684, -0.04552160203456879, -0.01714245229959488, -0.06010247766971588, 0.139948308467865, 0.17465583980083466, 0.008215710520744324, 0.06551586091518402, -0.045171499252319336, 0.1098889410495758, 0.015002697706222534, 0.03179708123207092, -0.008136674761772156, 0.10331663489341736, -0.04701530188322067, 0.011766627430915833, 0.010408073663711548, 0.3298899233341217, 0.21220767498016357, -0.12060776352882385, -0.4790765643119812, -0.1430758237838745, -0.009478963911533356, 0.1064256876707077, -0.016552887856960297, -0.06996378302574158, -0.41230106353759766, -0.033181317150592804, -0.019354084506630898, -0.11599557101726532, -0.06192264333367348, -0.037460729479789734, -0.17708584666252136, -0.5362222194671631, -0.2506008446216583, -0.3848067820072174, 0.009411022067070007, -0.16821257770061493, 0.06265916675329208, 0.04426188766956329, 0.00396353006362915, -0.07453121244907379, -0.08345696330070496, -0.3852444291114807, -0.1360606551170349, 0.0035629943013191223, -0.10114894062280655, -0.27301472425460815, -0.10668609291315079, -0.04841011017560959, -0.11430266499519348, -0.04751250147819519, 0.1110168844461441, -0.031399205327034, 0.04656629264354706, -0.039867863059043884, -0.214401513338089, -0.03255985677242279, -0.23844963312149048, 0.0762755498290062, -0.04209061712026596, -0.026940925046801567, -0.12196172773838043, -0.17756180465221405, 0.04131530970335007, 0.05852186307311058, 0.023455560207366943, 0.15341424942016602, 0.03301623463630676, -0.13312861323356628, 0.1003066673874855, -0.011070292443037033, 0.05007224529981613, 0.05252642184495926, -0.20060694217681885, -0.005118974018841982, -0.0680515319108963, -0.004701882600784302, -0.14409159123897552, -0.02729402482509613, 0.05164894461631775, -0.08845165371894836, 0.09521323442459106, -0.004445327445864677, -0.10775919258594513, -0.1416877657175064, -0.13047662377357483, 0.016649935394525528, -0.07848598062992096, -0.14680719375610352, -0.09996175765991211, 0.16295930743217468, -0.021391931921243668, 0.029480889439582825, 0.13745996356010437, 0.05648629367351532, -0.09116017073392868, -0.10973721742630005, 0.07859743386507034, 0.0016705719754099846, -0.0783560648560524, -0.03190277889370918, -0.053130313754081726, 0.027445245534181595, -0.24041420221328735, 0.0671413391828537, 0.002422340214252472, 0.10308443009853363, -0.13586239516735077, -0.14862561225891113, -0.09811737388372421, -0.2359755039215088, 0.056589275598526, -0.18654906749725342, -0.25057101249694824, -0.008044097572565079, -0.08759237080812454, 0.0849476084113121, -0.055799197405576706, -0.08644632995128632, -0.16283611953258514, -0.12021331489086151, -0.0763697400689125, -0.10550571978092194, -0.021781831979751587, 0.05379004403948784, -0.01750589720904827, -0.08621735870838165, 0.03561306372284889, 0.0006754696369171143, -0.25369390845298767, 0.01084030233323574, 0.043538615107536316, 0.02613307535648346, -0.10718980431556702, -0.04034624993801117, -0.3748089075088501, 0.15274623036384583, 0.10280214250087738, -0.05134875327348709, 0.007261769380420446, 0.14185848832130432, 0.02345142886042595, 0.04384760558605194, 0.009891167283058167, -0.005060337483882904, -0.11813735216856003, 0.2510785758495331, 0.15386320650577545, -0.14514219760894775, -0.08269349485635757, 0.12657374143600464, 0.0745019018650055, 0.05164613574743271, -0.01656334102153778, -0.05050525814294815, -0.08394311368465424, -0.12781837582588196, -0.2313435822725296, -0.09633441269397736, -0.15996073186397552, -0.0130348801612854, -0.000879235565662384, 0.06989985704421997, 0.15631988644599915, 0.019531168043613434, 0.07395587861537933, -0.03351597860455513, -0.13618019223213196, -0.08373426645994186, -0.05821995437145233, -0.07965810596942902, -0.16856719553470612, -0.009600263088941574, 0.01980653963983059, -0.17389364540576935, -0.17465582489967346, -0.1267596036195755, -0.07407543808221817, -0.22276276350021362, -0.13666297495365143, -0.02965528517961502, 0.05753825604915619, -0.049892500042915344, -0.05467923730611801, -0.08933067321777344, 0.13326241075992584, -0.044979438185691833, -0.18858441710472107, -0.0568060427904129, -0.06480269134044647, 0.0030453503131866455, -0.3047648072242737, -0.17199432849884033, -0.13492530584335327, 0.08458109945058823, -0.006670594215393066, 0.01203148066997528, 0.07168380916118622, 0.08586449921131134, 0.1842171996831894, -0.0032661408185958862, 0.0294477716088295, -0.1250114142894745, 0.08917166292667389, 0.007696392014622688, -0.07237391173839569, -0.17097607254981995, -0.04701247811317444, 0.026260115206241608, -0.03524824604392052, 0.1333460509777069, 0.11093492805957794, -0.09195993095636368, 0.1368664801120758, 0.03496094048023224, 0.11482362449169159, -0.09047996997833252, 0.025716643780469894, 0.118555948138237, -0.10834113508462906, 0.0025405213236808777, 0.013625114224851131, 0.06745077669620514, 0.1020517349243164, 0.031776610761880875, -0.03654133155941963, -0.04656841605901718, 0.1346733570098877, -0.018896326422691345, -0.043514057993888855, -0.02195514179766178, -0.03238026797771454, -0.027121707797050476, -0.016307145357131958, 0.020682457834482193, -0.07354415208101273, -0.0820288360118866, -0.04842839390039444, 0.07436676323413849, 0.024196699261665344, -0.009631197899580002, 0.08581249415874481, -0.1351669281721115, -0.18124307692050934, 0.10081794112920761, 0.025428585708141327, -0.19137656688690186, 0.04941115528345108, -0.03160305321216583, -0.046262841671705246, 0.07721556723117828, -0.11979669332504272, -0.1297062337398529, -0.08938314020633698, -0.28356918692588806, -0.02738720178604126, -0.10650507360696793, 0.030204448848962784, -0.02923421561717987, -0.1712372601032257, -0.07951027154922485, 0.050771698355674744, -0.05994357913732529, -0.059986382722854614, 0.013727277517318726, -0.08536144345998764, 0.09019430726766586, -0.04711463302373886, 0.06394580006599426, -0.12365715205669403, 0.01761440932750702, 0.09630317986011505, 0.18085895478725433, -0.09052359312772751, -0.15332064032554626, -0.021170929074287415, 1.284480094909668e-05, -0.15904055535793304, -0.09768220782279968, -0.011857181787490845, -0.007139876484870911, 0.005182995926588774, -0.08326012641191483, 0.12984062731266022, -0.0534643679857254, 0.031695395708084106, 0.14387448132038116, -0.10149751603603363, -0.1185494214296341, 0.049813009798526764, 0.04881332069635391, 0.026626430451869965, -0.04598897695541382, 0.06819316744804382, 0.086031973361969, 0.009811580181121826, 0.007614436559379101, -0.07023312151432037, 0.0592164620757103, -0.015551790595054626, -0.1557927131652832, 0.07548034191131592, 0.06885901093482971, -0.0898657962679863, 0.013217980973422527, 0.0591258630156517, -0.04962293431162834, -0.09473694860935211, 0.01938871666789055, -0.03318982571363449, -0.05514325201511383, -0.13484691083431244, 0.019829612225294113, 0.01799727976322174, -0.11818361282348633, 0.05667752027511597, 0.01920914649963379, 0.13563832640647888, 0.12313956767320633, -0.04964904487133026, 0.021512776613235474, 0.21738436818122864, -0.0971338301897049, 0.04451438784599304, -0.025507986545562744, 0.09760532528162003, -0.09481539577245712, 0.07673557102680206, -0.0019419565796852112, 0.07420213520526886, 0.0028803348541259766, -0.16499783098697662, -0.01883135363459587, -0.06720811128616333, 0.022719494998455048, -0.06733018904924393, -0.03282758593559265, 0.12613540887832642, -0.06105153262615204, -0.169923335313797, 0.05843581259250641, -0.1149439886212349, 0.025898687541484833, -0.0348270982503891, -0.08216425776481628, -0.030692502856254578, -0.14196330308914185, -0.08882685005664825, -0.04012385383248329, 0.1023910641670227, -0.15120463073253632, -0.01751205325126648, -0.1348418891429901, -0.11115165799856186, 0.1855478137731552, 0.13140855729579926, 0.17063835263252258, 0.09616366028785706, -0.017762362957000732, -0.03443828970193863, -0.024958372116088867, 0.07635189592838287, -0.07044738531112671, -0.040557343512773514, -0.11906173080205917, -0.0516090914607048, 0.08791683614253998, 0.03986486792564392, -0.10363714396953583, 0.08797749131917953, 0.04406684637069702, -0.052568793296813965, 0.017994314432144165, -0.06949541717767715, -0.11391105502843857, -0.0038428306579589844, -0.10801995545625687, 0.10238282382488251, -0.045813679695129395, 0.09092453122138977, -0.24328553676605225, 0.04105369746685028, -0.045930415391922, -0.06644399464130402, 0.14224272966384888, -0.09875811636447906, 0.02985263615846634, -0.19608955085277557, 0.031276483088731766, -0.12707829475402832, 0.11870802938938141, -0.026881858706474304, -0.023108497262001038, 0.005002355203032494, -0.08500145375728607, -0.13509511947631836, -0.04890941083431244, 0.22626927495002747, -0.2883074879646301, -0.17189013957977295, -0.05123910307884216, 0.14753621816635132, -0.09908248484134674, 0.018268749117851257, 0.04277771711349487, 0.026894211769104004, 0.08165410161018372, 0.18528877198696136, 0.042033374309539795, 0.10471698641777039, 0.14182838797569275, 0.09839454293251038, -0.028041131794452667, -0.048777494579553604, -0.09117695689201355, -0.05536121129989624, 0.14962267875671387, -0.007274225354194641, 0.1066870391368866, -0.002577446401119232, -0.01977907121181488, 0.12644794583320618, -0.01801501214504242, 0.1255406141281128, 0.08187626302242279, -0.06520569324493408, 0.025070875883102417, -0.1757400929927826, -0.07226303219795227, -0.048004962503910065, -0.020300842821598053, -0.16602782905101776, -0.0340663343667984, -0.06893037259578705, 0.018943391740322113, 0.013708949089050293, 0.07898419350385666, -0.024739056825637817, -0.044638365507125854, 0.08523537963628769, -0.006246998906135559, 0.07055714726448059, 0.02152693271636963, -0.1875482052564621, 0.14055895805358887, -0.1224679946899414, -0.05719318240880966, -0.037410981953144073, -0.16612674295902252, -0.12090243399143219, -0.01161213219165802, 0.10879144072532654, -0.2103784680366516, -0.11700456589460373, 0.07620319724082947, -0.08204028010368347, 0.031903475522994995, -0.19527393579483032, -0.017018459737300873, -0.13281118869781494, 0.03822554647922516, -0.1188429668545723, -0.04434759169816971, -0.025620445609092712, -0.10420520603656769, -0.09782353043556213, -0.04009230434894562, 0.1850050389766693, 0.015785682946443558, -0.15466336905956268, -0.1087401807308197, 0.04278678447008133, 0.05819796398282051, -0.007515862584114075, 0.0629650205373764, 0.1955728679895401, -0.03986535966396332, -0.21804723143577576, 0.1356058269739151, -0.014645501971244812, -0.009610891342163086, -0.1965620368719101, 0.12298530340194702, 0.07202932238578796, -0.04525808244943619, 0.2271443009376526, -0.0008472651243209839, 0.021812260150909424, -0.08315026760101318, 0.011995404958724976, 0.030499111860990524, -0.059848397970199585, -0.06283944845199585, 0.1020933985710144, 0.01813957840204239, 0.014956831932067871, -0.07961083948612213, -0.21522074937820435, 0.010309875011444092, 0.01445239782333374, 0.013280332088470459, -0.02038363367319107, -0.0976567417383194, -0.06902842223644257, -0.06241109222173691, -0.027175527065992355, -0.29286858439445496, -0.10316115617752075, 0.12324690818786621, 0.0825972631573677, 0.00647282600402832, 0.29617559909820557, -0.14547646045684814, 0.1936473846435547, 0.06747905910015106, -0.06431923806667328, 0.098812997341156, 0.034549176692962646, 0.05737532675266266, -0.021361500024795532, -0.11088171601295471, -0.12014847993850708, -0.005606144666671753, -0.1230660006403923, 0.1525004804134369, -0.20276089012622833, -0.06346936523914337, 0.09058111906051636, -0.03418198227882385, 0.04343747720122337, -0.11018018424510956, -0.00456531997770071, 0.03416239097714424, 0.04711556434631348, 0.007694438099861145, 0.01093815267086029, 0.14630728960037231, -0.04523057863116264, -0.06254038214683533, 0.01928648352622986, 0.014745593070983887, 0.18141217529773712, -0.03626949340105057, -0.06544017791748047, -0.049651503562927246, 0.06267403066158295, 0.07526123523712158, 0.16159634292125702, 0.02976972609758377, -0.029935605823993683, -0.1463533192873001, -0.07971981167793274, -0.17263105511665344, -0.05829678475856781, -0.10993355512619019, -0.009736418724060059, -0.3830867409706116, -0.22459851205348969, 0.059600844979286194, -0.04720526933670044, -0.047574207186698914, 0.06562715768814087, -0.02959515154361725, 0.04099768400192261, -0.10692785680294037, -0.08501733839511871, 0.06821544468402863, 0.2790605425834656, 0.12229902297258377, 0.02976185828447342, 0.0751894935965538, -0.11995701491832733, -0.05341559648513794, -0.2278991937637329, -0.005708198994398117, 0.026229262351989746, -0.12604178488254547, -0.043939173221588135, 0.10697270929813385, -0.09059520065784454, -0.08789490908384323, -0.13543719053268433, -0.08019721508026123, 0.008426196873188019, -0.08811460435390472, 0.08700112998485565, -0.015335779637098312, 0.17456281185150146, -0.12168793380260468, 0.033043354749679565, -0.03647112101316452, -0.012902125716209412, 0.0539974644780159, 0.0756152868270874, -0.14951728284358978, -0.23361623287200928, -0.10894791781902313, 0.038981497287750244, -0.03080502152442932, -0.092829629778862, 0.08466312289237976, -0.04718492925167084, -0.13657046854496002, 0.08591720461845398, -0.185186505317688, -0.07723499089479446, -0.0949406623840332, -0.2779330611228943, -0.08024130016565323, -0.08547965437173843, 0.032228052616119385, 0.10898516327142715, -0.04187288135290146, 0.030743218958377838, 0.042744219303131104, -0.040056098252534866, 0.1590416431427002, 0.10772969573736191, 0.09436953067779541, -0.21387645602226257, -0.036212578415870667, 0.00919216126203537, -0.04397452250123024, -0.008693605661392212, -0.037082068622112274, -0.07311517000198364, -0.12868106365203857, -0.01523635908961296, 0.08131980150938034, -0.10312873125076294, 0.14244024455547333, 0.1380852907896042, -0.009463757276535034, 0.0815562829375267, 0.04137386381626129, -0.3262938857078552, 0.1167067438364029, 0.10821335762739182, -0.09679766744375229, 0.03703051805496216, 0.1071094423532486, 0.2886494994163513, -0.06018996238708496, -0.05033135041594505, -0.01614166796207428, 0.006238013505935669, -0.13334476947784424, 0.05595917999744415, -0.05584985017776489, -0.09541156888008118, 0.18752434849739075, -0.12178656458854675, -0.08930457383394241, -0.050513043999671936, 0.08900843560695648, -0.02840718999505043, -0.03956862911581993, -0.12297983467578888, 0.1295546144247055, 0.033636897802352905, -0.0936962366104126, 0.21814587712287903, -0.032962266355752945, -0.03237400949001312, -0.0009459406137466431, -0.026962190866470337, -0.01708769053220749, -0.07556124031543732, 0.01931358128786087, 0.05950465798377991, 0.1548716127872467, 0.15767645835876465, 0.001937568187713623, -0.07364563643932343, -0.13238371908664703, -0.11892290413379669, -0.15145628154277802, -0.21531355381011963, -0.04016360640525818, 0.08847297728061676, 0.07930904626846313, -0.1396394670009613, 0.09011407196521759, 0.05543408542871475, -0.20399145781993866, 0.055260926485061646, -0.03747529163956642, -0.055020466446876526, -0.1556522697210312, 0.008289530873298645, 0.11912422627210617, 0.01712360978126526, -0.13392062485218048, -0.1917707324028015, -0.06105733662843704, 0.07326483726501465, -0.12595239281654358, -0.02043616771697998, 0.01808362826704979, 0.03770916163921356, 0.17880386114120483, -0.008554745465517044, 0.041270285844802856, -0.17458026111125946, 0.04923731088638306, 0.15207791328430176, -0.0032240748405456543, -0.05801081657409668, -0.3483223021030426, -0.12530794739723206, -0.04930431395769119, 0.07380605489015579, -0.06359794735908508, -0.030076369643211365, -0.08154691755771637, -0.02001938968896866, 0.047904908657073975, 0.13172213733196259, 0.02464693784713745, 0.20763319730758667, -0.13162332773208618, 0.13641829788684845, 0.07766599208116531, -0.03835996240377426, -0.24649503827095032, 0.12094731628894806, 0.08309029042720795, 0.02374410629272461, 0.006799131631851196, 0.047045573592185974, -0.05983183532953262, 0.1930263340473175, 0.03850793093442917, -0.025300510227680206, 0.04396308958530426, -0.1428757607936859, -0.22559654712677002, -0.06904398649930954, 0.10679753869771957, -0.019460216164588928, -0.2075888216495514, -0.06390279531478882, -0.13956576585769653, 0.11994829773902893, 0.028422869741916656, -0.16092702746391296, -0.07484176754951477, 0.006706550717353821, -0.10833951830863953, -0.09302446246147156, 0.042709000408649445, -0.020539656281471252, -0.12904797494411469, -0.19337151944637299, -0.06545622646808624, -0.07966791838407516, -0.058114148676395416, -0.10508906841278076, -0.143467515707016, 0.008077859878540039, -0.11034036427736282, -0.03929927200078964, 0.028873607516288757, 0.03608296811580658, 0.008006419986486435, 0.1367482841014862, 0.11198797821998596, -0.013206273317337036, -0.23217260837554932, 0.12928970158100128, -0.10030296444892883, 0.10544188320636749, 0.0859864354133606, -0.10721051692962646, 0.04691451042890549, 0.23497797548770905, -0.1353883445262909, 0.021203994750976562, -0.04833906888961792, -0.13865424692630768, 0.13442423939704895, -0.02420465648174286, 0.05827727168798447, 0.06512905657291412, 0.10294809192419052, 0.052756551653146744, -0.1385064572095871, -0.09431345760822296, -0.06207473576068878, -0.1191122978925705, -0.07203283905982971, -0.20379488170146942, -0.022161424160003662, -0.24804437160491943, -0.003548145294189453, -0.14825738966464996, -0.10420046746730804, -0.1757645159959793, -0.15066584944725037, -0.13814638555049896, -0.2536913752555847, -0.22780030965805054, 0.04381786286830902, -0.12707467377185822, 0.026398375630378723, 0.0287654846906662, 0.015812963247299194, -0.14683642983436584, -0.1514984667301178, -0.08512960374355316, -0.19329282641410828, -0.19001123309135437, -0.2361302524805069, -0.1845245063304901, 0.10080370306968689, 0.03508727625012398, 0.039321139454841614, 0.018279381096363068, -0.13278113305568695, -0.0646342933177948, 0.012262478470802307, -0.048071227967739105, -0.14753428101539612, -0.20554322004318237, -0.060804128646850586, 0.06374949961900711, -0.06069895625114441, -0.1266329288482666, -0.030503705143928528, -0.06442844867706299, -0.044472530484199524, -0.15881335735321045, -0.1920153796672821, 0.07536806911230087, 0.07294806092977524, 0.027456633746623993, 0.0024960432201623917, 0.09347987174987793, 0.0042281001806259155, 0.035903897136449814, -0.042288705706596375, 0.12462149560451508, 0.013788491487503052, 0.0177018940448761, 0.21952086687088013, 0.09939712285995483, 0.02089977264404297, 0.27018970251083374, -0.11457525938749313, -0.17852598428726196, 0.02988693118095398, -0.22547215223312378, -0.10858160257339478, -0.16600458323955536, -0.13464601337909698, -0.04189751297235489, -0.017182812094688416, 0.042901262640953064, -0.10823358595371246, -0.09607025980949402, -0.15410968661308289, -0.08707007765769958, -0.13971801102161407, -0.016879860311746597, -0.031130008399486542, -0.05341701954603195, 0.054284632205963135]
Student softmax [0]: [0.01014732662588358, 0.03431996330618858, 0.060494307428598404, 0.11784056574106216, 0.044238727539777756, 0.0011004728730767965, 0.0011303791543468833, 0.0009449045173823833, 0.0008060570107772946, 0.0009756332729011774, 0.0008436773205175996, 0.0006371876806952059, 0.0006865874165669084, 0.0007413175189867616, 0.0007426697993651032, 0.0007911421707831323, 0.0008354911697097123, 0.0007181440596468747, 0.00047483723028562963, 0.0007181084365583956, 0.0009028081549331546, 0.0009940039599314332, 0.0010715092066675425, 0.0008181811426766217, 0.0005412586033344269, 0.0009067592327482998, 0.0013624596176669002, 0.0014591423096135259, 0.0011722653871402144, 0.0014182409504428506, 0.001148686045780778, 0.001429430558346212, 0.0014032046310603619, 0.0017917153891175985, 0.0012248741695657372, 0.0011318838223814964, 0.0009670474682934582, 0.0009421771392226219, 0.0009016349795274436, 0.0010976492194458842, 0.0009955004788935184, 0.0008317812462337315, 0.0011004199041053653, 0.000802591850515455, 0.001161166001111269, 0.0007428975077345967, 0.0010790853993967175, 0.000790876685641706, 0.0011935032671317458, 0.0010060680797323585, 0.0010089174611493945, 0.0006010418292135, 0.001609841943718493, 0.0013683406868949533, 0.0011891858885064721, 0.001325652003288269, 0.001205145032145083, 0.0013595677446573973, 0.0013954938622191548, 0.0010143258841708302, 0.0010203829733654857, 0.0008011297322809696, 0.0006654627504758537, 0.0007281532161869109, 0.0008003591210581362, 0.0012249291175976396, 0.0004782835312653333, 0.0008031511097215116, 0.0007154003251343966, 0.0008578840643167496, 0.0019978643395006657, 0.0007709688507020473, 0.0008731218986213207, 0.0008540478302165866, 0.0008978243567980826, 0.0010300064459443092, 0.0008675844292156398, 0.00146020099055022, 0.001456835656426847, 0.0010271327337250113, 0.0009875338291749358, 0.0009518786100670695, 0.0005914510693401098, 0.0008515611407347023, 0.0009088768856599927, 0.000530868477653712, 0.0007018051110208035, 0.001126110670156777, 0.0008278244640678167, 0.0008593715028837323, 0.001244460348971188, 0.0007717250846326351, 0.0009639568743295968, 0.0007182474946603179, 0.0006608822732232511, 0.0007161412504501641, 0.0007518420461565256, 0.000714508059900254, 0.0009256983175873756, 0.0011728720273822546, 0.0008511750493198633, 0.0007236619712784886, 0.001024126075208187, 0.0010423967614769936, 0.0011006015120074153, 0.0005143957678228617, 0.0008303169743157923, 0.001836292678490281, 0.0005905236466787755, 0.001060381531715393, 0.0009586872765794396, 0.0021449096966534853, 0.0013122929958626628, 0.0012438991107046604, 0.0011151127982884645, 0.0004272222868166864, 0.0008390115690417588, 0.0008099654223769903, 0.0009536632569506764, 0.0006394689553417265, 0.0008785951649770141, 0.0008560529677197337, 0.0005552796646952629, 0.00048596737906336784, 0.000516241358127445, 0.0009366762824356556, 0.0013910544803366065, 0.0009391360799781978, 0.0008229088853113353, 0.0009683274547569454, 0.000678866810631007, 0.0010972662130370736, 0.000799206318333745, 0.0008962045540101826, 0.000810776895377785, 0.0006356809171847999, 0.0009537687874399126, 0.0010992666939273477, 0.000702650926541537, 0.0007492956356145442, 0.0006333236815407872, 0.0009348307503387332, 0.0009732013568282127, 0.0009213677258230746, 0.0007844234351068735, 0.0008090293849818408, 0.0005881658871658146, 0.0011192914098501205, 0.0007534818141721189, 0.0016183427069336176, 0.0011141948634758592, 0.0005988533375784755, 0.00032160207047127187, 0.000460005336208269, 0.0005476884543895721, 0.0006577456369996071, 0.0009999916655942798, 0.0005802257219329476, 0.0004057436890434474, 0.0005899466923438013, 0.0005954234511591494, 0.00039513863157480955, 0.0006907453644089401, 0.0004490348801482469, 0.0007444386137649417, 0.00037463457556441426, 0.0004603686975315213, 0.0002868359151761979, 0.0006903180037625134, 0.0006833200459368527, 0.0007809943053871393, 0.0006887016934342682, 0.0005580399301834404, 0.0006015683175064623, 0.0005746054230257869, 0.0007232293719425797, 0.0006423505255952477, 0.0007511998410336673, 0.0005471137119457126, 0.00043716697837226093, 0.0004631993069779128, 0.0004263244627509266, 0.0004060490755364299, 0.0005330989952199161, 0.0005657638539560139, 0.000669109751470387, 0.0005327419494278729, 0.0006091120303608477, 0.0003128765383735299, 0.0004297072591725737, 0.00044539730879478157, 0.0005967906326986849, 0.0005750713753513992, 0.0005884469719603658, 0.0004874685255344957, 0.0003928160876967013, 0.0007258977275341749, 0.0007044265512377024, 0.0007152695907279849, 0.0005893444758839905, 0.00042475448572076857, 0.0007556835189461708, 0.0005841472302563488, 0.0005859750672243536, 0.0006225640536285937, 0.0007152518373914063, 0.00040605259709991515, 0.0006111094844527543, 0.0005151269724592566, 0.0008165889885276556, 0.0005520653212442994, 0.0006322748376987875, 0.0007520804647356272, 0.0008396095363423228, 0.0007998723303899169, 0.000837896135635674, 0.0006221685325726867, 0.0005172435194253922, 0.0006759677198715508, 0.0009196409373544157, 0.0005159814609214664, 0.0006299888482317328, 0.0004715980321634561, 0.0009037273121066391, 0.0005762852379120886, 0.0005734002916142344, 0.0010805308120325208, 0.0005906568840146065, 0.0004271703364793211, 0.0004989078734070063, 0.000800871814135462, 0.0005694404826499522, 0.0005140890134498477, 0.0007314894464798272, 0.00046891640522517264, 0.0007952038431540132, 0.0004226232704240829, 0.000686139683239162, 0.0005582118756137788, 0.0006367148016579449, 0.0005056397058069706, 0.00041962225805036724, 0.0004932553274556994, 0.00036951981019228697, 0.0006629338022321463, 0.0005013596965000033, 0.0003285121638327837, 0.0005124059389345348, 0.0006618431652896106, 0.0006357721867971122, 0.0005223237094469368, 0.0004328759969212115, 0.0005328247789293528, 0.00037640155642293394, 0.0005702140042558312, 0.0005096691893413663, 0.0005961534916423261, 0.000664266524836421, 0.0005663193296641111, 0.00048360563232563436, 0.0004807703953702003, 0.0004385520296636969, 0.00043787836330011487, 0.0006812271312810481, 0.000678736309055239, 0.0006440463475883007, 0.0004870475095231086, 0.00056744139874354, 0.0003511809336487204, 0.0008814301108941436, 0.0006850334466435015, 0.0005349137354642153, 0.0008244936470873654, 0.0006714410264976323, 0.0007396679138764739, 0.0007643037242814898, 0.0005858854274265468, 0.0007298136479221284, 0.0005477247177623212, 0.0012714206241071224, 0.0009452613885514438, 0.0008581570000387728, 0.0008984869346022606, 0.0007547749555669725, 0.0007462031790055335, 0.0007444897782988846, 0.0007242002175189555, 0.000599217542912811, 0.0004713768430519849, 0.0005299351760186255, 0.0005147549672983587, 0.00044390506809577346, 0.0008537249523214996, 0.0005842963000759482, 0.0011042681289836764, 0.0009091264801099896, 0.0008906777948141098, 0.0007310885121114552, 0.0008808448328636587, 0.0008461216348223388, 0.0010413907002657652, 0.0016794505063444376, 0.0010289072524756193, 0.0011159958085045218, 0.002335799392312765, 0.0015555081190541387, 0.0008833500323817134, 0.001005082856863737, 0.0008514856453984976, 0.0009630675194784999, 0.0011789340060204268, 0.001067996141500771, 0.0010873659048229456, 0.0011912296758964658, 0.0010436864104121923, 0.001248220563866198, 0.0016372528625652194, 0.0017255021957680583, 0.001541032805107534, 0.0008831638260744512, 0.0011331832502037287, 0.0009683991665951908, 0.0013354313559830189, 0.0009862736333161592, 0.0012815886875614524, 0.0009282483370043337, 0.0010697173420339823, 0.0007093683816492558, 0.0006512911641038954, 0.0007799295708537102, 0.0010921740904450417, 0.0007078975322656333, 0.0008452969486825168, 0.0007046899991109967, 0.001060112495906651, 0.0005442250403575599, 0.0008497277740389109, 0.0010458839824423194, 0.0005677921581082046, 0.000527527998201549, 0.0008005503914318979, 0.0006787379970774055, 0.0008830013102851808, 0.0007932179141789675, 0.000743645359762013, 0.00042050014599226415, 0.0007656697416678071, 0.0008725493098609149, 0.0006995711592026055, 0.0007012136629782617, 0.0006833962397649884, 0.0007755338447168469, 0.000651510723400861, 0.0005619647563435137, 0.0008506407029926777, 0.0007215054356493056, 0.0010525811230763793, 0.0010005816584452987, 0.0009610815322957933, 0.001036990899592638, 0.001019866787828505, 0.0007217414677143097, 0.0008917886880226433, 0.0008413500618189573, 0.0006290838355198503, 0.0006083347252570093, 0.0007606269209645689, 0.0009559994214214385, 0.0006047757342457771, 0.0006728589069098234, 0.0005221854662522674, 0.00042038309038616717, 0.0006456273840740323, 0.0005845869309268892, 0.0006798052345402539, 0.00047225673915818334, 0.0005022043478675187, 0.0006776429363526404, 0.0007963445386849344, 0.0005122755537740886, 0.00045444624265655875, 0.0005496495869010687, 0.0004884013324044645, 0.0007975502521730959, 0.0004089649592060596, 0.000468629616079852, 0.0006043436005711555, 0.0004521460214164108, 0.000573621247895062, 0.001390898018144071, 0.0009231698350049555, 0.0015174762811511755, 0.0005749288247898221, 0.0006609660922549665, 0.001405283692292869, 0.0012075707782059908, 0.0005787990521639585, 0.0012488652719184756, 0.0003358196117915213, 0.0005171138327568769, 0.00045752464211545885, 0.0006358419195748866, 0.0005159854190424085, 0.0005886603030376136, 0.0009855942334979773, 0.0007347160135395825, 0.0008092639036476612, 0.0004051916766911745, 0.0006693073082715273, 0.00045413259067572653, 0.0007541529485024512, 0.0005147112533450127, 0.0005810150760225952, 0.000529686629306525, 0.0005340708885341883, 0.00041466785478405654, 0.0006567546515725553, 0.0005085248267278075, 0.0006401786231435835, 0.000493916217237711, 0.0006294114864431322, 0.0004780065210070461, 0.000512602215167135, 0.0005415180930867791, 0.0006306642317213118, 0.0010538653004914522, 0.0006505217752419412, 0.0009205135283991694, 0.0008505454170517623, 0.0006485435296781361, 0.00039955208194442093, 0.0006989460089243948, 0.0004159969394095242, 0.00048377050552517176, 0.0004446891543921083, 0.0005712936399504542, 0.0005403807736001909, 0.0005933125503361225, 0.0005356391193345189, 0.00043539199396036565, 0.0005184563924558461, 0.0006457317504100502, 0.0005925915320403874, 0.0005153500242158771, 0.000872077071107924, 0.000729049148503691, 0.0005138610722497106, 0.000373610615497455, 0.0008449492161162198, 0.0007471431163139641, 0.0005443054251372814, 0.0005459167878143489, 0.0004917127080261707, 0.0004988470464013517, 0.0011751902056857944, 0.0005568451015278697, 0.0004680878482758999, 0.00036165761412121356, 0.001104264403693378, 0.0005277819000184536, 0.0008620396256446838, 0.0004935405449941754, 0.0008957683457992971, 0.0005585206672549248, 0.0005359710194170475, 0.0003614754241425544, 0.0006771516636945307, 0.00045740095083601773, 0.0005166886257939041, 0.000607874768320471, 0.0005454769707284868, 0.0005734082078561187, 0.000800561101641506, 0.0004837416927330196, 0.001077811699360609, 0.0004194974317215383, 0.0004859889450017363, 0.0006804596050642431, 0.0004481625510379672, 0.0004192847991362214, 0.00030272750882431865, 0.0005944858421571553, 0.0007352483225986362, 0.0007297635893337429, 0.0009955278364941478, 0.00042639844468794763, 0.00040610661380924284, 0.00045605353079736233, 0.0005958099500276148, 0.0011681836331263185, 0.0008538943366147578, 0.0005879600648768246, 0.0006175233866088092, 0.000573640048969537, 0.0007045535603538156, 0.0010182370897382498, 0.00040315231308341026, 0.0006003641756251454, 0.0006119667668826878, 0.0006408490589819849, 0.0012396135134622455, 0.00039156872662715614, 0.0007946561090648174, 0.0005025008576922119, 0.0005947087192907929, 0.0003722345572896302, 0.0005767250549979508, 0.0005799602367915213, 0.000462407770100981, 0.0004949510330334306, 0.000882793334312737, 0.0006504370248876512, 0.0004984204424545169, 0.0004013127472717315, 0.00047378556337207556, 0.0006202164804562926, 0.0004519173235166818, 0.0004903633962385356, 0.0005723518552258611, 0.0004001099441666156, 0.0004145968414377421, 0.0005644400371238589, 0.000515689083840698, 0.0007215326186269522, 0.0004707137995865196, 0.0008819206850603223, 0.000590468174777925, 0.0005221306928433478, 0.0004352803516667336, 0.00029795782756991684, 0.0004672998620662838, 0.0005068181781098247, 0.0005415541818365455, 0.0009515968849882483, 0.00038017617771402, 0.00042697993922047317, 0.000945009000133723, 0.0009298120276071131, 0.0006477810675278306, 0.0008580374997109175, 0.0008698548772372305, 0.000477011053590104, 0.00041328740189783275, 0.0005134709062986076, 0.000684168073348701, 0.0005442890687845647, 0.0004508550919126719, 0.000745126570109278, 0.0005830736481584609, 0.0006222486263141036, 0.0005217043799348176, 0.0005799618666060269, 0.000535876490175724, 0.0005461250548250973, 0.000730834377463907, 0.0006029309006407857, 0.0006454128888435662, 0.0006078435108065605, 0.0004889188567176461, 0.0005087319295853376, 0.0003684864204842597, 0.0005585002363659441, 0.0004775456909555942, 0.0007837878656573594, 0.0004047525580972433, 0.0005150641081854701, 0.0005190518568269908, 0.0004780956369359046, 0.0005544965388253331, 0.0006197246257215738, 0.00044928782153874636, 0.00067258405033499, 0.0007206592126749456, 0.0007376246503554285, 0.0006355654913932085, 0.0005842703394591808, 0.0007817961741238832, 0.0004993246402591467, 0.0003917719004675746, 0.0006027584313414991, 0.0006585568771697581, 0.0006530437967739999, 0.0006022875313647091, 0.0008637760765850544, 0.0005937741952948272, 0.00041317884461022913, 0.000656815420370549, 0.0006270437152124941, 0.0005725489463657141, 0.0003697845677379519, 0.0003175479359924793, 0.0005364264361560345, 0.0005070031620562077, 0.00040770581108517945, 0.0005848799482919276, 0.0006743078702129424, 0.0005252240807749331, 0.00042414365452714264, 0.00040377522236667573, 0.0009401315473951399, 0.0005718434113077819, 0.0004432990390341729, 0.00041305177728645504, 0.0008853175677359104, 0.0005406465497799218, 0.000503919436596334, 0.0004721675650216639, 0.00048626968055032194, 0.0007283924496732652, 0.0007302174926735461, 0.00025218521477654576, 0.0006042775930836797, 0.0006283264956437051, 0.0003134758153464645, 0.00027359207160770893, 0.0004237175453454256, 0.0008087847963906825, 0.0002863046247512102, 0.0005892090266570449, 0.0005211472162045538, 0.00042102544102817774, 0.0006476219859905541, 0.0005634746630676091, 0.0006228105630725622, 0.0006127186352387071, 0.0008362959488295019, 0.0004978057695552707, 0.0006649954593740404, 0.0009278522338718176, 0.0005026562139391899, 0.0005308074760250747, 0.0004658204852603376, 0.0006309881573542953, 0.00044989987509325147, 0.00047341742902062833, 0.0004234897205606103, 0.000506546872202307, 0.0008097595418803394, 0.00044160446850582957, 0.000365163927199319, 0.001113533042371273, 0.0005053943023085594, 0.0005686039221473038, 0.0006448406493291259, 0.0004401333280839026, 0.00037372641963884234, 0.0007299817516468465, 0.0004673264338634908, 0.00044836217421106994, 0.0014088129391893744, 0.0004183498094789684, 0.0005016351933591068, 0.00033787189750000834, 0.0005588129279203713, 0.00048223778139799833, 0.0004936874029226601, 0.0004463384975679219, 0.0006399197736755013, 0.0005493825883604586, 0.0008088978356681764, 0.0006871422519907355, 0.0008785373065620661, 0.0004854747967328876, 0.0007749050855636597, 0.0003556466253940016, 0.0009002271690405905, 0.0007710353820584714, 0.0004705501487478614, 0.000703586614690721, 0.0005593013484030962, 0.0006346499430947006, 0.0006962718325667083, 0.0007588209700770676, 0.0006640715291723609, 0.001013502012938261, 0.00041676725959405303, 0.0004815390275325626, 0.0005801372462883592, 0.00040351308416575193, 0.0009230338619090617, 0.0005470753530971706, 0.0004542265669442713, 0.0007622495177201927, 0.000284365116385743, 0.000552162469830364, 0.00041971649625338614, 0.0004950112197548151, 0.0007595674833282828, 0.0007054154411889613, 0.0003767062444239855, 0.00038144493009895086, 0.00036883962457068264, 0.0003294166235718876, 0.0009711010497994721, 0.0005777906044386327, 0.0005325349629856646, 0.0005768488626927137, 0.00033961277222260833, 0.0007429648539982736, 0.00045976214460097253, 0.0006395269301719964, 0.0005533206276595592, 0.0005776055040769279, 0.0007534146425314248, 0.000520271947607398, 0.0005227918736636639, 0.0004102057428099215, 0.0006544665666297078, 0.0006592965219169855, 0.000428978877607733, 0.0006607524119317532, 0.0006945618079043925, 0.000528650009073317, 0.00036615828867070377, 0.00035600009141489863, 0.0006163513753563166, 0.0007443985086865723, 0.0005802551168017089, 0.0007214503712020814, 0.0005474797799251974, 0.0004986686399206519, 0.0004779805603902787, 0.0003309827880002558, 0.0003993469581473619, 0.000596473109908402, 0.0005974528612568974, 0.0007003291393630207, 0.0006719650118611753, 0.00048542176955379546, 0.0006481552263721824, 0.0008135089301504195, 0.0003997109888587147, 0.0004507731937337667, 0.0008622521418146789, 0.00072641228325665, 0.0006868104683235288, 0.0006621632492169738, 0.00043230713345110416, 0.0018013562075793743, 0.00037812654045410454, 0.000218192144529894, 0.000561688793823123, 0.00040866146446205676, 0.0010875052539631724, 0.0005499862018041313, 0.00034623921965248883, 0.0004948148271068931, 0.0005196915008127689, 0.0005106074386276305, 0.0005087773315608501, 0.000471566803753376, 0.0005190661759115756, 0.0005272123962640762, 0.0006349965115077794, 0.0005987691110931337, 0.0009217833285219967, 0.0006965664215385914, 0.0005805290420539677, 0.0006742316181771457, 0.0005023145349696279, 0.0004957399214617908, 0.000513991981279105, 0.00042136365664191544, 0.0006564543582499027, 0.0006810955819673836, 0.0004564026603475213, 0.0005659476155415177, 0.0006104495842009783, 0.00030826489091850817, 0.0005215094424784184, 0.0005991081707179546, 0.0004105444822926074, 0.00060555140953511, 0.0006105860229581594, 0.0009479502332396805, 0.0005010411841794848, 0.0006009796634316444, 0.0007531977025792003, 0.00039282170473597944, 0.0005053292843513191, 0.0006159177282825112, 0.0004871283599641174, 0.0003588635881897062, 0.0006126739899627864, 0.0005580377764999866, 0.00034055134165100753, 0.0004939056234434247, 0.00044015137245878577, 0.0005286841187626123, 0.0003879261785186827, 0.0006822931463830173, 0.0011368781561031938, 0.0011719058966264129, 0.0005283831851556897, 0.0005417487118393183, 0.0007510855793952942, 0.0008234089473262429, 0.00037671325844712555, 0.0004993403563275933, 0.0004093643801752478, 0.00030413386411964893, 0.0008644356857985258, 0.0009103828924708068, 0.0009806070011109114, 0.0005321242497302592, 0.0006559353205375373, 0.0005244375206530094, 0.0003462770546320826, 0.0004286431067157537, 0.000735781854018569, 0.0004375608987174928, 0.0006293823244050145, 0.000787730619776994, 0.00039162454777397215, 0.0007405105861835182, 0.0008765923557803035, 0.0005863244878128171, 0.0003878322022501379, 0.00031354682869277894, 0.0004294794925954193, 0.0007413285202346742, 0.0005504755536094308, 0.00047135280328802764, 0.00048427178990095854, 0.0007639906834810972, 0.0008791156578809023, 0.000369518791558221, 0.00035323959309607744, 0.0006595442537218332, 0.0007331914966925979, 0.00042806731653399765, 0.00044769651140086353, 0.0006171001587063074, 0.0013866393128409982, 0.0002937937679234892, 0.0005642753676511347, 0.0002957729157060385, 0.000493471568915993, 0.0005535673699341714, 0.000704823702108115, 0.0006061976891942322, 0.0002489516627974808, 0.0004279285203665495, 0.0004932908923365176, 0.000778376532252878, 0.00044551878818310797, 0.0005032886401750147, 0.0006401807186193764, 0.0005992747028358281, 0.0006646343972533941, 0.00038905339897610247, 0.00046036826097406447, 0.0004682282160501927, 0.0008936292142607272, 0.0006042433669790626, 0.000772194704040885, 0.0005236626020632684, 0.0005471493932418525, 0.0005414282204583287, 0.0006526774377562106, 0.0011919494718313217, 0.00044893406447954476, 0.0003904401673935354, 0.0006907381466589868, 0.0009120717877522111, 0.0005653614643961191, 0.0006067532231099904, 0.0007601939141750336, 0.00042985338950529695, 0.0003371039347257465, 0.0006809718906879425, 0.0009470313088968396, 0.00045645120553672314, 0.0007217373349703848, 0.0006658356869593263, 0.0003888176870532334, 0.0005485028377734125, 0.0008760473574511707, 0.0005796956247650087, 0.0006451873341575265, 0.0005399406072683632, 0.0006399073172360659, 0.0004836455045733601, 0.0008377870544791222, 0.0005611798842437565, 0.0005765112000517547, 0.0005276487208902836, 0.0005698237218894064, 0.0008489181636832654, 0.0005683854105882347, 0.0005400580121204257, 0.00038952153408899903, 0.0006053909310139716, 0.000639295787550509, 0.0004961738595739007, 0.00048273883294314146, 0.0004953377647325397, 0.00036549559445120394, 0.0006750551983714104, 0.0005068928585387766, 0.0007193171768449247, 0.0005585135659202933, 0.0003859885619021952, 0.0006239871145226061, 0.0008296816959045827, 0.0004666160966735333, 0.0004065471875946969, 0.0005940947448834777, 0.0007839519530534744, 0.000463740318082273, 0.000504269206430763, 0.0005054646753706038, 0.0005534269730560482, 0.0011609573848545551, 0.000778539921157062, 0.0007406917866319418, 0.0004887094837613404, 0.0004609220486599952, 0.0006141926860436797, 0.0006726212450303137, 0.00043711881153285503, 0.00044183048885315657, 0.0002909075701609254, 0.0006320535903796554, 0.0008254479616880417, 0.0005392719176597893, 0.0005565424798987806, 0.0008703544153831899, 0.000854385900311172, 0.00039035212830640376, 0.0004850245313718915, 0.0005887958686798811, 0.0006081461906433105, 0.0005183056346140802, 0.0005482943961396813, 0.0014896792126819491, 0.014559876173734665, 0.006563589442521334, 0.01508162822574377, 0.002414542715996504, 0.001484767417423427, 0.0032719101291149855, 0.0018877582624554634, 0.0014618660788983107, 0.002243806840851903, 0.001286112004891038, 0.0011934947688132524, 0.0008525183657184243, 0.0006096842116676271, 0.0008367143454961479, 0.0007202644483186305, 0.0006964680505916476, 0.0032248245552182198, 0.0008329286356456578, 0.0006472759414464235, 0.0007423497154377401, 0.0012224923120811582, 0.0009975318098440766, 0.000889951828867197, 0.0008194312686100602, 0.0006154354196041822, 0.0005098526598885655, 0.0007434780127368867, 0.0005691032856702805, 0.0006297888467088342, 0.0007135863997973502, 0.000628527021035552, 0.0007348894141614437, 0.0006966358632780612, 0.0005748076946474612, 0.0007417311426252127, 0.00042351617594249547, 0.0009523254120722413, 0.0009277955978177488, 0.0008111484348773956, 0.000481139199109748, 0.0007088314741849899, 0.0009205073583871126, 0.0007412704871967435, 0.0009545604116283357, 0.0016880492912605405, 0.0005912432679906487, 0.00027801570831798017, 0.001013391767628491, 0.0006936900317668915, 0.0008198843570426106, 0.00093550217570737, 0.0005688545061275363, 0.001813665614463389, 0.0007602936238981783, 0.0021322036627680063, 0.0011366032995283604, 0.0007514696335420012, 0.0007982023525983095, 0.000927599729038775, 0.0006904078181833029, 0.0009427176555618644, 0.0007570352754555643, 0.0009055546252056956, 0.0005190275842323899]
EMA softmax [0]:     [0.0009370396146550775, 0.0012235050089657307, 0.0014935616636648774, 0.001555205206386745, 0.0014084026915952563, 0.0011766618117690086, 0.0010466106468811631, 0.0011725120712071657, 0.001104707014746964, 0.001076031825505197, 0.001104010734707117, 0.0008686536457389593, 0.0009582714992575347, 0.0011080115800723433, 0.0009080754825845361, 0.0009306001011282206, 0.0009430414065718651, 0.0009651007712818682, 0.0009679601062089205, 0.000833357684314251, 0.0010873699793592095, 0.0011035238858312368, 0.0009738939115777612, 0.0010128102730959654, 0.0008836061460897326, 0.0008746266248635948, 0.0010764114558696747, 0.0010591652244329453, 0.0009890177752822638, 0.0012662976514548063, 0.000854924030136317, 0.0008204227779060602, 0.0008632282842881978, 0.0011827698908746243, 0.001213831128552556, 0.0009545130305923522, 0.0010011031990870833, 0.0008683440391905606, 0.001106738462112844, 0.0011417741188779473, 0.0008524245931766927, 0.0009340735850855708, 0.0009388233302161098, 0.0008743889629840851, 0.0008184770704247057, 0.0008962751016952097, 0.0010014524450525641, 0.0008921516709960997, 0.0009431272046640515, 0.001122331595979631, 0.0011612479574978352, 0.0009993604617193341, 0.0010567298159003258, 0.0008659817976877093, 0.0009064407204277813, 0.0009568483219482005, 0.0009808820905163884, 0.000893710704986006, 0.0010727246990427375, 0.0009487817296758294, 0.0012176631717011333, 0.0009493468096479774, 0.0008361154468730092, 0.0010860221227630973, 0.0009740011882968247, 0.0011504447320476174, 0.0009382707648910582, 0.000997544382698834, 0.0009774380596354604, 0.0010741394944489002, 0.000979220843873918, 0.0009226123220287263, 0.0008582532173022628, 0.001125391572713852, 0.000938431650865823, 0.0010372567921876907, 0.0009328084997832775, 0.001032175263389945, 0.0013303965097293258, 0.0010684544686228037, 0.0010217931121587753, 0.0010348635260015726, 0.0010122624225914478, 0.001063988427631557, 0.0009340535034425557, 0.001010219450108707, 0.0010928657138720155, 0.001111371093429625, 0.0009241012157872319, 0.0010354436235502362, 0.001066075637936592, 0.0010718671837821603, 0.00095349334878847, 0.0009318107040598989, 0.0010603972477838397, 0.0008627251372672617, 0.000979095697402954, 0.0009474846301600337, 0.0011316599557176232, 0.0011073159985244274, 0.0011067433515563607, 0.0009001491707749665, 0.0010625891154631972, 0.0011827267007902265, 0.0012182386126369238, 0.0008404916734434664, 0.001021142932586372, 0.0012645419919863343, 0.0008932586060836911, 0.0010143101681023836, 0.0010349205695092678, 0.0018814023351296782, 0.0010920335771515965, 0.0010065800743177533, 0.0010404296917840838, 0.0008366589900106192, 0.0009475657134316862, 0.0011999092530459166, 0.0010133879259228706, 0.0008903930429369211, 0.0008712836424820125, 0.000880494131706655, 0.0009978866437450051, 0.0008557376568205655, 0.0009821370476856828, 0.0010898126056417823, 0.0011239531449973583, 0.0010997229255735874, 0.001085663097910583, 0.0009982169140130281, 0.000980158569291234, 0.0009962982730939984, 0.0009093162952922285, 0.0009705772390589118, 0.0009985158685594797, 0.0009565280633978546, 0.0011683652410283685, 0.00120962830260396, 0.0010241601848974824, 0.0010845586657524109, 0.0009709169971756637, 0.0011337676551192999, 0.0010311347432434559, 0.0010485983220860362, 0.001007548882625997, 0.001126340590417385, 0.0009691285085864365, 0.0010278032859787345, 0.0010264080483466387, 0.0014127627946436405, 0.001255915849469602, 0.0009003690211102366, 0.0006291287718340755, 0.0008803652017377317, 0.0010061974171549082, 0.0011298478348180652, 0.0009991048136726022, 0.0009471417870372534, 0.0006725735147483647, 0.000982628669589758, 0.000996310031041503, 0.0009045313345268369, 0.0009547884110361338, 0.000978432479314506, 0.0008509273757226765, 0.0005941847339272499, 0.0007906154496595263, 0.0006913220859132707, 0.0010253851069137454, 0.000858511368278414, 0.0010814648121595383, 0.0010617506923153996, 0.0010198145173490047, 0.0009428256307728589, 0.0009344476857222617, 0.0006910195806995034, 0.0008865628042258322, 0.0010194061324000359, 0.0009180607739835978, 0.0007730918587185442, 0.000912991352379322, 0.0009677777416072786, 0.0009060640004463494, 0.0009686468401923776, 0.001135047059506178, 0.0009843814186751842, 0.001064200303517282, 0.0009760800749063492, 0.0008197595016099513, 0.0009832395007833838, 0.0008002809481695294, 0.0010962911183014512, 0.0009739129454828799, 0.0009887797059491277, 0.0008991509093903005, 0.0008505223668180406, 0.0010586268035694957, 0.0010769997024908662, 0.0010398877784609795, 0.001184204826131463, 0.0010498776100575924, 0.0008891660254448652, 0.0011229553492739797, 0.0010045975213870406, 0.0010679378174245358, 0.0010705618187785149, 0.0008311461424455047, 0.001010594074614346, 0.0009489546646364033, 0.0010110156144946814, 0.0008794713066890836, 0.0009884306928142905, 0.0010696229292079806, 0.000929791945964098, 0.001117250300012529, 0.0010112751042470336, 0.0009120122413150966, 0.0008815879700705409, 0.0008915271027944982, 0.0010328347561880946, 0.0009391042985953391, 0.0008770863059908152, 0.0009191513527184725, 0.001195562188513577, 0.000994281843304634, 0.0010461723431944847, 0.001165461610071361, 0.0010748096974566579, 0.0009272770257666707, 0.0009102099575102329, 0.0010988395661115646, 0.001017478876747191, 0.0009392263600602746, 0.0009838857222348452, 0.0009632203727960587, 0.0010440449696034193, 0.0007987103890627623, 0.001086322939954698, 0.0010182440746575594, 0.0011260791216045618, 0.00088673853315413, 0.0008754928130656481, 0.0009208482224494219, 0.0008022635011002421, 0.0010749202920123935, 0.0008429128210991621, 0.0007906390237621963, 0.0010076421312987804, 0.0009305913699790835, 0.0011058395029976964, 0.0009606531821191311, 0.0009316583746112883, 0.0008631395758129656, 0.0009007243206724524, 0.0009410938364453614, 0.000914069707505405, 0.0009938941802829504, 0.0010719156125560403, 0.000998153118416667, 0.0009318717638961971, 0.0010526074329391122, 0.0010164668783545494, 0.00078817387111485, 0.001026851823553443, 0.0010609830496832728, 0.0010426758090034127, 0.0009125316282734275, 0.0009756132494658232, 0.0006982684717513621, 0.0011834140168502927, 0.0011257613077759743, 0.0009649379062466323, 0.001023183693177998, 0.0011705991346389055, 0.0010398835875093937, 0.0010613109916448593, 0.0010258776601403952, 0.0010106532135978341, 0.0009025961626321077, 0.001305695390328765, 0.0011847366113215685, 0.0008785478421486914, 0.0009351613698527217, 0.0011528428876772523, 0.0010943484958261251, 0.0010696199024096131, 0.0009990944527089596, 0.0009657521732151508, 0.0009339934913441539, 0.0008939002291299403, 0.000805988151114434, 0.0009224915411323309, 0.0008656249847263098, 0.0010026257950812578, 0.0010148878209292889, 0.001089323777705431, 0.0011876507196575403, 0.0010358148720115423, 0.0010937510523945093, 0.0009822997963055968, 0.0008864568080753088, 0.0009341885452158749, 0.0009583304054103792, 0.0009380042320117354, 0.0008582070586271584, 0.0010060754138976336, 0.0010361002059653401, 0.0008536479435861111, 0.0008529975893907249, 0.0008948472095653415, 0.0009432554943487048, 0.0008129338966682553, 0.0008860289235599339, 0.0009860994759947062, 0.0010759409051388502, 0.0009663441451266408, 0.0009617296163924038, 0.0009289750014431775, 0.0011605798499658704, 0.0009711036109365523, 0.0008411990129388869, 0.0009596864110790193, 0.0009520426974631846, 0.001018878654576838, 0.0007489316631108522, 0.0008552708895877004, 0.000887569913174957, 0.0011054342612624168, 0.0010090271243825555, 0.0010280756978318095, 0.0010912688449025154, 0.0011068539461120963, 0.0012212494621053338, 0.001012468128465116, 0.0010461377678439021, 0.0008964128792285919, 0.0011105205630883574, 0.0010236285161226988, 0.0009448617929592729, 0.0008561422000639141, 0.0009691311861388385, 0.0010428084060549736, 0.000980599783360958, 0.0011606768239289522, 0.0011349540436640382, 0.0009265356929972768, 0.001164770219475031, 0.0010519211646169424, 0.0011393761960789561, 0.0009279079386033118, 0.00104224169626832, 0.0011436366476118565, 0.0009114816202782094, 0.0010183643316850066, 0.00102971529122442, 0.001086659263819456, 0.0011249167146161199, 0.00104857690166682, 0.00097933248616755, 0.0009695618064142764, 0.0011622185120359063, 0.0009967662626877427, 0.0009725276031531394, 0.0009937220020219684, 0.0009834161028265953, 0.0009886010084301233, 0.0009993503335863352, 0.0010370080126449466, 0.0009437567205168307, 0.0009357831440865993, 0.0009677600464783609, 0.001094200648367405, 0.0010406587971374393, 0.001006044214591384, 0.0011067964369431138, 0.0008873554761521518, 0.0008473971392959356, 0.001123529626056552, 0.0010419415775686502, 0.0008388534188270569, 0.0010672321077436209, 0.0009841807186603546, 0.0009698580834083259, 0.0010973220923915505, 0.0009010996436700225, 0.0008922143024392426, 0.0009289263398386538, 0.0007649752078577876, 0.0009883386082947254, 0.0009131566621363163, 0.001046929624862969, 0.0009865147294476628, 0.0008559186244383454, 0.0009381429408676922, 0.0010686850873753428, 0.0009566800436004996, 0.0009566390071995556, 0.0010298205306753516, 0.0009326697327196598, 0.0011116568930447102, 0.0009690322913229465, 0.0010828571394085884, 0.0008976277313195169, 0.0010338312713429332, 0.0011184687027707696, 0.0012171550188213587, 0.0009278674842789769, 0.0008713919669389725, 0.0009945015190169215, 0.0010157935321331024, 0.0008664218476042151, 0.000921249040402472, 0.0010038072941824794, 0.0010085537796840072, 0.0010210589971393347, 0.0009346315637230873, 0.0011566153261810541, 0.0009628987754695117, 0.0010484918020665646, 0.0011729614343494177, 0.0009177408646792173, 0.0009022242738865316, 0.0010676608653739095, 0.001066594268195331, 0.0010431903647258878, 0.000970123743172735, 0.0010874662548303604, 0.0011070393957197666, 0.0010257959365844727, 0.0010235445806756616, 0.0009468867792747915, 0.0010777480201795697, 0.0010001055197790265, 0.000869240437168628, 0.0010954196332022548, 0.0010881905909627676, 0.0009284780826419592, 0.001029296196065843, 0.001077650347724557, 0.0009666046826168895, 0.0009239663486368954, 0.0010356672573834658, 0.0009826202876865864, 0.000961283512879163, 0.0008876394131220877, 0.0010361240711063147, 0.0010342273162677884, 0.0009025543695315719, 0.0010750151704996824, 0.0010354813421145082, 0.0011633405229076743, 0.0011488907039165497, 0.000966579420492053, 0.001037869486026466, 0.001262434059754014, 0.0009217543411068618, 0.001062018796801567, 0.0009901976445689797, 0.0011199259897693992, 0.0009238937636837363, 0.0010967955458909273, 0.0010138098150491714, 0.0010940204374492168, 0.001018710434436798, 0.0008612757665105164, 0.0009968309896066785, 0.000949755369219929, 0.0010391226969659328, 0.0009496394195593894, 0.0009829762857407331, 0.001152337878011167, 0.0009556206059642136, 0.0008570439531467855, 0.001076907035894692, 0.000905483087990433, 0.001042431453242898, 0.0009810127085074782, 0.0009356564260087907, 0.0009850772330537438, 0.0008813451277092099, 0.0009294432238675654, 0.0009758303640410304, 0.0011252985568717122, 0.0008732377900741994, 0.000998147064819932, 0.000887643953319639, 0.0009089235682040453, 0.0012228755513206124, 0.001158430241048336, 0.001204778323881328, 0.0011183127062395215, 0.0009978971211239696, 0.000981394317932427, 0.0009907421190291643, 0.0010963749373331666, 0.0009466838091611862, 0.0009754073689691722, 0.0009017621632665396, 0.0009646867401897907, 0.0011091280030086637, 0.0010570923332124949, 0.0009157792665064335, 0.0011091951746493578, 0.0010615437058731914, 0.0009637614712119102, 0.001034224173054099, 0.0009475854458287358, 0.0009064188925549388, 0.0010118844220414758, 0.0009117744630202651, 0.001125289243645966, 0.000970293884165585, 0.0011124690063297749, 0.0007964202668517828, 0.0010583498515188694, 0.0009701804956421256, 0.0009504813351668417, 0.0011710490798577666, 0.0009202583460137248, 0.0010465614032000303, 0.0008349092677235603, 0.0010480525670573115, 0.0008945620502345264, 0.001143810572102666, 0.0009888381464406848, 0.0009925764752551913, 0.0010208745952695608, 0.0009330054745078087, 0.0008874192135408521, 0.0009672946762293577, 0.0012737007346004248, 0.0007613591151311994, 0.0008553600055165589, 0.0009650437859818339, 0.0011772643774747849, 0.0009199599153362215, 0.001034508110024035, 0.0010601760586723685, 0.0010434697614982724, 0.0011022035032510757, 0.0012225589016452432, 0.0010593872284516692, 0.0011279188329353929, 0.001170563860796392, 0.0011208102805539966, 0.000987692503258586, 0.00096742226742208, 0.0009272615425288677, 0.0009610739070922136, 0.0011797233019024134, 0.0010084182722494006, 0.00113014318048954, 0.0010131658054888248, 0.0009958867449313402, 0.0011526979506015778, 0.0009976450819522142, 0.0011516525410115719, 0.0011024484410881996, 0.0009516590507701039, 0.0010415689321234822, 0.000852073251735419, 0.0009449665085412562, 0.0009681699448265135, 0.0009953671833500266, 0.0008603890892118216, 0.0009817593963816762, 0.0009481210145168006, 0.001035206252709031, 0.0010298016713932157, 0.0010992645984515548, 0.0009909593500196934, 0.0009714348707348108, 0.001106157898902893, 0.0010094547178596258, 0.0010900400811806321, 0.001037884154357016, 0.0008420710219070315, 0.0011690789833664894, 0.0008986957836896181, 0.0009593149879947305, 0.0009784812573343515, 0.000860304047819227, 0.0009001038852147758, 0.0010040533961728215, 0.001132523873820901, 0.0008230641251429915, 0.0009036191622726619, 0.001096211839467287, 0.0009357724920846522, 0.0010487098479643464, 0.0008355905301868916, 0.0009986397344619036, 0.0008894482743926346, 0.0010553608881309628, 0.0009019595454446971, 0.0009717173525132239, 0.0009900862351059914, 0.0009152592392638326, 0.0009211188298650086, 0.0009758610394783318, 0.001222211983986199, 0.001031942549161613, 0.0008702227496542037, 0.0009111180552281439, 0.0010601856047287583, 0.0010766510386019945, 0.0010081746149808168, 0.0010817957809194922, 0.0012351965997368097, 0.0009760825196281075, 0.000816776417195797, 0.0011633026879280806, 0.0010010123951360583, 0.0010060647036880255, 0.0008345148526132107, 0.001148713519796729, 0.0010916459141299129, 0.0009708330035209656, 0.0012748157605528831, 0.0010149201843887568, 0.0010381803149357438, 0.0009347343002445996, 0.0010280385613441467, 0.0010472381254658103, 0.0009567710803821683, 0.0009539134916849434, 0.0011249636299908161, 0.0010343744652345777, 0.001031087595038116, 0.0009380485862493515, 0.0008190882508642972, 0.0010263072326779366, 0.0010305674513801932, 0.0010293603409081697, 0.0009952847613021731, 0.0009212724980898201, 0.0009480281732976437, 0.0009543222840875387, 0.0009885478066280484, 0.0007578943623229861, 0.0009162153000943363, 0.0011490139877423644, 0.0011032435577362776, 0.0010223767021670938, 0.0013659264659509063, 0.0008782542427070439, 0.0012328204466030002, 0.0010866899974644184, 0.0009525030036456883, 0.0011212792014703155, 0.0010514880996197462, 0.0010757655836641788, 0.0009943119948729873, 0.0009091688552871346, 0.0009007827029563487, 0.0010101018706336617, 0.0008981585269793868, 0.0011831233277916908, 0.0008293578284792602, 0.0009533129050396383, 0.0011120869312435389, 0.0009816457750275731, 0.0010608757147565484, 0.0009098068694584072, 0.00101115379948169, 0.0010510815773159266, 0.001064784824848175, 0.001023626420646906, 0.0010269522899761796, 0.0011758186155930161, 0.0009708597208373249, 0.0009541989420540631, 0.001035561435855925, 0.001030869665555656, 0.0012178285978734493, 0.0009795987280085683, 0.0009514359990134835, 0.0009665770921856165, 0.0010814809938892722, 0.0010951798176392913, 0.0011939338874071836, 0.0010464745573699474, 0.0009858229896053672, 0.0008774844463914633, 0.0009379463735967875, 0.0008547264733351767, 0.0009582567145116627, 0.0009100312599912286, 0.0010059383930638433, 0.0006925121997483075, 0.0008114429074339569, 0.0010781624587252736, 0.0009689444559626281, 0.0009685869445092976, 0.0010846793884411454, 0.0009861588478088379, 0.0010582905961200595, 0.0009127706871367991, 0.0009329906897619367, 0.0010874904692173004, 0.0013427474768832326, 0.0011479255044832826, 0.0010464664082974195, 0.001095101237297058, 0.0009009551722556353, 0.0009629456326365471, 0.0008087690221145749, 0.001009998726658523, 0.0010427761590108275, 0.0008954897639341652, 0.0009721142123453319, 0.0011304660001769662, 0.0009278010693378747, 0.0009303097613155842, 0.0008871156605891883, 0.0009374986402690411, 0.0010243757860735059, 0.000930105394218117, 0.0011081128614023328, 0.0010003215866163373, 0.0012095158454030752, 0.0008993970695883036, 0.0010499060153961182, 0.000979401171207428, 0.0010027589742094278, 0.001072137849405408, 0.0010955675970762968, 0.000874712539371103, 0.0008041584515012801, 0.0009109287057071924, 0.0010561590315774083, 0.0009849664056673646, 0.0009257302735932171, 0.00110552494879812, 0.000968964071944356, 0.0008861108799465001, 0.0011069123866036534, 0.0008440620731562376, 0.0009402799187228084, 0.0009237780468538404, 0.0007692988147027791, 0.0009374573710374534, 0.0009325594292022288, 0.0010490502463653684, 0.0011327433167025447, 0.0009741249959915876, 0.0010474937735125422, 0.0010601405519992113, 0.0009758963715285063, 0.0011908875312656164, 0.0011313222348690033, 0.0011163079179823399, 0.0008201900636777282, 0.0009796544909477234, 0.001025160774588585, 0.0009720799280330539, 0.001006987993605435, 0.0009788030292838812, 0.0009441615547984838, 0.0008931294432841241, 0.0010004210053011775, 0.0011018351651728153, 0.000916245102416724, 0.0011712803971022367, 0.0011661907192319632, 0.0010062127839773893, 0.0011020955862477422, 0.0010586888529360294, 0.000732980202883482, 0.0011415238259360194, 0.0011318693868815899, 0.000922064296901226, 0.0010541004594415426, 0.0011306205997243524, 0.0013556849444285035, 0.0009564443025738001, 0.0009659201605245471, 0.0009995157597586513, 0.0010221367701888084, 0.000888973823748529, 0.001074243220500648, 0.0009606044623069465, 0.0009233431774191558, 0.0012252950109541416, 0.0008993084193207324, 0.0009289993322454393, 0.000965744664426893, 0.0011103394208475947, 0.0009873310336843133, 0.0009763723355717957, 0.0008982359431684017, 0.0011562845902517438, 0.0010505291866138577, 0.0009249283466488123, 0.0012633957667276263, 0.000982843921519816, 0.0009834222728386521, 0.0010148200672119856, 0.0009887587511911988, 0.0009985705837607384, 0.0009418550762347877, 0.0010355896083638072, 0.0010780588490888476, 0.0011859319638460875, 0.0011892629554495215, 0.001017750590108335, 0.0009436608524993062, 0.0008898286032490432, 0.0009018873679451644, 0.000873018114361912, 0.0008190122316591442, 0.0009757915395312011, 0.0011097448877990246, 0.0010996217606589198, 0.0008833956671878695, 0.0011115677189081907, 0.0010736794210970402, 0.0008283378556370735, 0.0010734935058280826, 0.0009784181602299213, 0.0009614014416001737, 0.0008693625568412244, 0.00102423585485667, 0.001144286710768938, 0.001033324166201055, 0.0008884621202014387, 0.0008385228575207293, 0.0009556151344440877, 0.0010929955169558525, 0.0008955697994679213, 0.0009952324908226728, 0.0010343166068196297, 0.0010548161808401346, 0.0012146563967689872, 0.001007127808406949, 0.0010585791897028685, 0.0008530620252713561, 0.0010670465417206287, 0.0011826233239844441, 0.0010125108528882265, 0.0009585308143869042, 0.0007170102908276021, 0.000896147103048861, 0.0009669127175584435, 0.0010935872560366988, 0.0009531902032904327, 0.0009856843389570713, 0.0009362341952510178, 0.0009956472786143422, 0.001065625692717731, 0.001158793573267758, 0.0010411273688077927, 0.0012501836754381657, 0.000890505441930145, 0.001164248213171959, 0.0010978166246786714, 0.0009775530779734254, 0.0007938682101666927, 0.001146374735981226, 0.0011037875665351748, 0.0010401878971606493, 0.0010227104648947716, 0.0010647104354575276, 0.0009567869128659368, 0.00123205513227731, 0.0010556590277701616, 0.0009904031176120043, 0.0010614334605634212, 0.0008805412799119949, 0.0008106334717012942, 0.0009480133885517716, 0.0011302679777145386, 0.000996204325929284, 0.0008253633859567344, 0.0009528997470624745, 0.0008834606851451099, 0.0011452300241217017, 0.0010450660483911633, 0.0008647890063002706, 0.0009425328462384641, 0.0010226158192381263, 0.0009114831336773932, 0.0009255500044673681, 0.0010601031826809049, 0.0009951295796781778, 0.0008928016759455204, 0.0008371816365979612, 0.0009514207486063242, 0.0009379950352013111, 0.0009584317449480295, 0.0009144506184384227, 0.0008800203795544803, 0.0010240190895274282, 0.0009096612338908017, 0.0009766353759914637, 0.001045537181198597, 0.0010531021980568767, 0.001023945864289999, 0.0011646326165646315, 0.0011361499782651663, 0.0010024539660662413, 0.000805320218205452, 0.0011559783015400171, 0.0009188377880491316, 0.001128736766986549, 0.0011069889878854156, 0.0009125127107836306, 0.0010645708534866571, 0.001284841331653297, 0.0008871590252965689, 0.0010375491110607982, 0.0009678464848548174, 0.0008842663955874741, 0.0011619289871305227, 0.000991489039734006, 0.0010767363710328937, 0.0010841392213478684, 0.001125925569795072, 0.0010708083864301443, 0.0008843970717862248, 0.0009243576787412167, 0.0009546433575451374, 0.0009017165866680443, 0.0009451840887777507, 0.0008285006624646485, 0.0009935169946402311, 0.0007926392718218267, 0.0010121827945113182, 0.0008758152835071087, 0.0009152635466307402, 0.000852052413392812, 0.0008737084572203457, 0.0008847155841067433, 0.0007881758501753211, 0.0008088490576483309, 0.0010612793266773224, 0.0008945652516558766, 0.0010429525282233953, 0.0010454242583364248, 0.0010319706052541733, 0.0008770606364123523, 0.0008729812107048929, 0.0009328859159722924, 0.0008372475858777761, 0.0008399995276704431, 0.0008021392859518528, 0.0008446210995316505, 0.0011235136771574616, 0.0010520541109144688, 0.001056517707183957, 0.0010345190530642867, 0.0008894749917089939, 0.0009522030595690012, 0.0010283130686730146, 0.0009681057999841869, 0.00087644875748083, 0.0008270535035990179, 0.0009558570454828441, 0.0010826446814462543, 0.0009559576283209026, 0.00089496053988114, 0.0009852632647380233, 0.0009523990447632968, 0.0009715960477478802, 0.0008666187641210854, 0.0008383178501389921, 0.0010952968150377274, 0.0010926492977887392, 0.0010440568439662457, 0.0010183191625401378, 0.0011153152445331216, 0.0010200844844803214, 0.001052913605235517, 0.0009737199870869517, 0.0011505945585668087, 0.0010298836277797818, 0.0010339218424633145, 0.0012651340803131461, 0.0011219345033168793, 0.0010372333927080035, 0.0013308888301253319, 0.0009058169671334326, 0.0008497027447447181, 0.0010465971427038312, 0.0008107343455776572, 0.0009112624684348702, 0.0008604090544395149, 0.0008878178778104484, 0.0009741010144352913, 0.0009984755888581276, 0.0010603071423247457, 0.0009115797001868486, 0.0009227351984009147, 0.0008707047090865672, 0.0009310774621553719, 0.0008833262254483998, 0.0009987782686948776, 0.0009846463799476624, 0.0009629442938603461, 0.0010724460007622838]
Student argmax: [3, 3]
EMA argmax:     [111, 111]

EMA prob stats: min=0.000589, max=0.001955, mean=0.001000, std=0.000119
